   9.4786900e-01   1.0659210e+00   1.1351670e+00   1.1392560e+00   1.0516550e+00
   9.4465700e-01   1.1006470e+00   1.1292380e+00   1.1450320e+00   1.0048760e+00
   9.4957100e-01   1.1257850e+00   1.1252410e+00   1.1467190e+00   9.5693800e-01
   9.6507800e-01   1.1395410e+00   1.1244120e+00   1.1405420e+00   9.1129400e-01
   9.9174800e-01   1.1435020e+00   1.1270410e+00   1.1229410e+00   8.6999200e-01
   1.0272180e+00   1.1408980e+00   1.1324910e+00   1.0925640e+00   8.3390400e-01
   1.0659210e+00   1.1351670e+00   1.1392560e+00   1.0516550e+00   8.0297500e-01
   1.1006470e+00   1.1292380e+00   1.1450320e+00   1.0048760e+00   7.7644500e-01
   1.1257850e+00   1.1252410e+00   1.1467190e+00   9.5693800e-01   7.5312000e-01
   1.1395410e+00   1.1244120e+00   1.1405420e+00   9.1129400e-01   7.3168300e-01
   1.1435020e+00   1.1270410e+00   1.1229410e+00   8.6999200e-01   7.1102400e-01
   1.1408980e+00   1.1324910e+00   1.0925640e+00   8.3390400e-01   6.9051100e-01
   1.1351670e+00   1.1392560e+00   1.0516550e+00   8.0297500e-01   6.7015500e-01
   1.1292380e+00   1.1450320e+00   1.0048760e+00   7.7644500e-01   6.5070700e-01
   1.1252410e+00   1.1467190e+00   9.5693800e-01   7.5312000e-01   6.3375700e-01
   1.1244120e+00   1.1405420e+00   9.1129400e-01   7.3168300e-01   6.2189400e-01
   1.1270410e+00   1.1229410e+00   8.6999200e-01   7.1102400e-01   6.1874500e-01
   1.1324910e+00   1.0925640e+00   8.3390400e-01   6.9051100e-01   6.2841200e-01
   1.1392560e+00   1.0516550e+00   8.0297500e-01   6.7015500e-01   6.5386700e-01
   1.1450320e+00   1.0048760e+00   7.7644500e-01   6.5070700e-01   6.9491000e-01
   1.1467190e+00   9.5693800e-01   7.5312000e-01   6.3375700e-01   7.4754800e-01
   1.1405420e+00   9.1129400e-01   7.3168300e-01   6.2189400e-01   8.0579500e-01
   1.1229410e+00   8.6999200e-01   7.1102400e-01   6.1874500e-01   8.6421400e-01
   1.0925640e+00   8.3390400e-01   6.9051100e-01   6.2841200e-01   9.1921700e-01
   1.0516550e+00   8.0297500e-01   6.7015500e-01   6.5386700e-01   9.6898900e-01
   1.0048760e+00   7.7644500e-01   6.5070700e-01   6.9491000e-01   1.0128760e+00
   9.5693800e-01   7.5312000e-01   6.3375700e-01   7.4754800e-01   1.0507980e+00
   9.1129400e-01   7.3168300e-01   6.2189400e-01   8.0579500e-01   1.0828880e+00
   8.6999200e-01   7.1102400e-01   6.1874500e-01   8.6421400e-01   1.1093340e+00
   8.3390400e-01   6.9051100e-01   6.2841200e-01   9.1921700e-01   1.1303680e+00
   8.0297500e-01   6.7015500e-01   6.5386700e-01   9.6898900e-01   1.1463350e+00
   7.7644500e-01   6.5070700e-01   6.9491000e-01   1.0128760e+00   1.1578210e+00
   7.5312000e-01   6.3375700e-01   7.4754800e-01   1.0507980e+00   1.1657900e+00
   7.3168300e-01   6.2189400e-01   8.0579500e-01   1.0828880e+00   1.1717400e+00
   7.1102400e-01   6.1874500e-01   8.6421400e-01   1.1093340e+00   1.1777590e+00
   6.9051100e-01   6.2841200e-01   9.1921700e-01   1.1303680e+00   1.1863020e+00
   6.7015500e-01   6.5386700e-01   9.6898900e-01   1.1463350e+00   1.1994570e+00
   6.5070700e-01   6.9491000e-01   1.0128760e+00   1.1578210e+00   1.2177010e+00
   6.3375700e-01   7.4754800e-01   1.0507980e+00   1.1657900e+00   1.2386160e+00
   6.2189400e-01   8.0579500e-01   1.0828880e+00   1.1717400e+00   1.2566100e+00
   6.1874500e-01   8.6421400e-01   1.1093340e+00   1.1777590e+00   1.2647660e+00
   6.2841200e-01   9.1921700e-01   1.1303680e+00   1.1863020e+00   1.2581520e+00
   6.5386700e-01   9.6898900e-01   1.1463350e+00   1.1994570e+00   1.2358180e+00
   6.9491000e-01   1.0128760e+00   1.1578210e+00   1.2177010e+00   1.2001280e+00
   7.4754800e-01   1.0507980e+00   1.1657900e+00   1.2386160e+00   1.1548870e+00
   8.0579500e-01   1.0828880e+00   1.1717400e+00   1.2566100e+00   1.1039000e+00
   8.6421400e-01   1.1093340e+00   1.1777590e+00   1.2647660e+00   1.0503330e+00
   9.1921700e-01   1.1303680e+00   1.1863020e+00   1.2581520e+00   9.9657700e-01
   9.6898900e-01   1.1463350e+00   1.1994570e+00   1.2358180e+00   9.4431700e-01
   1.0128760e+00   1.1578210e+00   1.2177010e+00   1.2001280e+00   8.9462800e-01
   1.0507980e+00   1.1657900e+00   1.2386160e+00   1.1548870e+00   8.4803400e-01
   1.0828880e+00   1.1717400e+00   1.2566100e+00   1.1039000e+00   8.0450800e-01
   1.1093340e+00   1.1777590e+00   1.2647660e+00   1.0503330e+00   7.6348100e-01
   1.1303680e+00   1.1863020e+00   1.2581520e+00   9.9657700e-01   7.2398700e-01
   1.1463350e+00   1.1994570e+00   1.2358180e+00   9.4431700e-01   6.8504600e-01
   1.1578210e+00   1.2177010e+00   1.2001280e+00   8.9462800e-01   6.4621200e-01
   1.1657900e+00   1.2386160e+00   1.1548870e+00   8.4803400e-01   6.0791700e-01
   1.1717400e+00   1.2566100e+00   1.1039000e+00   8.0450800e-01   5.7139400e-01
   1.1777590e+00   1.2647660e+00   1.0503330e+00   7.6348100e-01   5.3832300e-01
   1.1863020e+00   1.2581520e+00   9.9657700e-01   7.2398700e-01   5.1064700e-01
   1.1994570e+00   1.2358180e+00   9.4431700e-01   6.8504600e-01   4.9064200e-01
   1.2177010e+00   1.2001280e+00   8.9462800e-01   6.4621200e-01   4.8111800e-01
   1.2386160e+00   1.1548870e+00   8.4803400e-01   6.0791700e-01   4.8536700e-01
   1.2566100e+00   1.1039000e+00   8.0450800e-01   5.7139400e-01   5.0645200e-01
   1.2647660e+00   1.0503330e+00   7.6348100e-01   5.3832300e-01   5.4564300e-01
   1.2581520e+00   9.9657700e-01   7.2398700e-01   5.1064700e-01   6.0081600e-01
   1.2358180e+00   9.4431700e-01   6.8504600e-01   4.9064200e-01   6.6646200e-01
   1.2001280e+00   8.9462800e-01   6.4621200e-01   4.8111800e-01   7.3570200e-01
   1.1548870e+00   8.4803400e-01   6.0791700e-01   4.8536700e-01   8.0259600e-01
   1.1039000e+00   8.0450800e-01   5.7139400e-01   5.0645200e-01   8.6319200e-01
   1.0503330e+00   7.6348100e-01   5.3832300e-01   5.4564300e-01   9.1533300e-01
   9.9657700e-01   7.2398700e-01   5.1064700e-01   6.0081600e-01   9.5804500e-01
   9.4431700e-01   6.8504600e-01   4.9064200e-01   6.6646200e-01   9.9104800e-01
   8.9462800e-01   6.4621200e-01   4.8111800e-01   7.3570200e-01   1.0145570e+00
   8.4803400e-01   6.0791700e-01   4.8536700e-01   8.0259600e-01   1.0292380e+00
   8.0450800e-01   5.7139400e-01   5.0645200e-01   8.6319200e-01   1.0361790e+00
   7.6348100e-01   5.3832300e-01   5.4564300e-01   9.1533300e-01   1.0368360e+00
   7.2398700e-01   5.1064700e-01   6.0081600e-01   9.5804500e-01   1.0330010e+00
   6.8504600e-01   4.9064200e-01   6.6646200e-01   9.9104800e-01   1.0268130e+00
   6.4621200e-01   4.8111800e-01   7.3570200e-01   1.0145570e+00   1.0208150e+00
   6.0791700e-01   4.8536700e-01   8.0259600e-01   1.0292380e+00   1.0179240e+00
   5.7139400e-01   5.0645200e-01   8.6319200e-01   1.0361790e+00   1.0211630e+00
   5.3832300e-01   5.4564300e-01   9.1533300e-01   1.0368360e+00   1.0330330e+00
   5.1064700e-01   6.0081600e-01   9.5804500e-01   1.0330010e+00   1.0545620e+00
   4.9064200e-01   6.6646200e-01   9.9104800e-01   1.0268130e+00   1.0842890e+00
   4.8111800e-01   7.3570200e-01   1.0145570e+00   1.0208150e+00   1.1175500e+00
   4.8536700e-01   8.0259600e-01   1.0292380e+00   1.0179240e+00   1.1471590e+00
   5.0645200e-01   8.6319200e-01   1.0361790e+00   1.0211630e+00   1.1662340e+00
   5.4564300e-01   9.1533300e-01   1.0368360e+00   1.0330330e+00   1.1714030e+00
   6.0081600e-01   9.5804500e-01   1.0330010e+00   1.0545620e+00   1.1635300e+00
   6.6646200e-01   9.9104800e-01   1.0268130e+00   1.0842890e+00   1.1460780e+00
   7.3570200e-01   1.0145570e+00   1.0208150e+00   1.1175500e+00   1.1231760e+00
   8.0259600e-01   1.0292380e+00   1.0179240e+00   1.1471590e+00   1.0985100e+00
   8.6319200e-01   1.0361790e+00   1.0211630e+00   1.1662340e+00   1.0749270e+00
   9.1533300e-01   1.0368360e+00   1.0330330e+00   1.1714030e+00   1.0543580e+00
   9.5804500e-01   1.0330010e+00   1.0545620e+00   1.1635300e+00   1.0377970e+00
   9.9104800e-01   1.0268130e+00   1.0842890e+00   1.1460780e+00   1.0252390e+00
   1.0145570e+00   1.0208150e+00   1.1175500e+00   1.1231760e+00   1.0156160e+00
   1.0292380e+00   1.0179240e+00   1.1471590e+00   1.0985100e+00   1.0067960e+00
   1.0361790e+00   1.0211630e+00   1.1662340e+00   1.0749270e+00   9.9577400e-01
   1.0368360e+00   1.0330330e+00   1.1714030e+00   1.0543580e+00   9.7920400e-01
   1.0330010e+00   1.0545620e+00   1.1635300e+00   1.0377970e+00   9.5446200e-01
   1.0268130e+00   1.0842890e+00   1.1460780e+00   1.0252390e+00   9.2101500e-01
   1.0208150e+00   1.1175500e+00   1.1231760e+00   1.0156160e+00   8.8100200e-01
   1.0179240e+00   1.1471590e+00   1.0985100e+00   1.0067960e+00   8.3826300e-01
   1.0211630e+00   1.1662340e+00   1.0749270e+00   9.9577400e-01   7.9677400e-01
   1.0330330e+00   1.1714030e+00   1.0543580e+00   9.7920400e-01   7.5979200e-01
   1.0545620e+00   1.1635300e+00   1.0377970e+00   9.5446200e-01   7.2973300e-01
   1.0842890e+00   1.1460780e+00   1.0252390e+00   9.2101500e-01   7.0822500e-01
   1.1175500e+00   1.1231760e+00   1.0156160e+00   8.8100200e-01   6.9606800e-01
   1.1471590e+00   1.0985100e+00   1.0067960e+00   8.3826300e-01   6.9312200e-01
   1.1662340e+00   1.0749270e+00   9.9577400e-01   7.9677400e-01   6.9830700e-01
   1.1714030e+00   1.0543580e+00   9.7920400e-01   7.5979200e-01   7.0985300e-01
   1.1635300e+00   1.0377970e+00   9.5446200e-01   7.2973300e-01   7.2575200e-01
   1.1460780e+00   1.0252390e+00   9.2101500e-01   7.0822500e-01   7.4429000e-01
   1.1231760e+00   1.0156160e+00   8.8100200e-01   6.9606800e-01   7.6451300e-01
   1.0985100e+00   1.0067960e+00   8.3826300e-01   6.9312200e-01   7.8655400e-01
   1.0749270e+00   9.9577400e-01   7.9677400e-01   6.9830700e-01   8.1171600e-01
   1.0543580e+00   9.7920400e-01   7.5979200e-01   7.0985300e-01   8.4206300e-01
   1.0377970e+00   9.5446200e-01   7.2973300e-01   7.2575200e-01   8.7920200e-01
   1.0252390e+00   9.2101500e-01   7.0822500e-01   7.4429000e-01   9.2259000e-01
   1.0156160e+00   8.8100200e-01   6.9606800e-01   7.6451300e-01   9.6897800e-01
   1.0067960e+00   8.3826300e-01   6.9312200e-01   7.8655400e-01   1.0139820e+00
   9.9577400e-01   7.9677400e-01   6.9830700e-01   8.1171600e-01   1.0542400e+00
   9.7920400e-01   7.5979200e-01   7.0985300e-01   8.4206300e-01   1.0883280e+00
   9.5446200e-01   7.2973300e-01   7.2575200e-01   8.7920200e-01   1.1164730e+00
   9.2101500e-01   7.0822500e-01   7.4429000e-01   9.2259000e-01   1.1398790e+00
   8.8100200e-01   6.9606800e-01   7.6451300e-01   9.6897800e-01   1.1601120e+00
   8.3826300e-01   6.9312200e-01   7.8655400e-01   1.0139820e+00   1.1786560e+00
   7.9677400e-01   6.9830700e-01   8.1171600e-01   1.0542400e+00   1.1966270e+00
   7.5979200e-01   7.0985300e-01   8.4206300e-01   1.0883280e+00   1.2146490e+00
   7.2973300e-01   7.2575200e-01   8.7920200e-01   1.1164730e+00   1.2328740e+00
   7.0822500e-01   7.4429000e-01   9.2259000e-01   1.1398790e+00   1.2511020e+00
   6.9606800e-01   7.6451300e-01   9.6897800e-01   1.1601120e+00   1.2688970e+00
   6.9312200e-01   7.8655400e-01   1.0139820e+00   1.1786560e+00   1.2855930e+00
   6.9830700e-01   8.1171600e-01   1.0542400e+00   1.1966270e+00   1.3000200e+00
   7.0985300e-01   8.4206300e-01   1.0883280e+00   1.2146490e+00   1.3099000e+00
   7.2575200e-01   8.7920200e-01   1.1164730e+00   1.2328740e+00   1.3113860e+00
   7.4429000e-01   9.2259000e-01   1.1398790e+00   1.2511020e+00   1.3000500e+00
   7.6451300e-01   9.6897800e-01   1.1601120e+00   1.2688970e+00   1.2735760e+00
   7.8655400e-01   1.0139820e+00   1.1786560e+00   1.2855930e+00   1.2333790e+00
   8.1171600e-01   1.0542400e+00   1.1966270e+00   1.3000200e+00   1.1833250e+00
   8.4206300e-01   1.0883280e+00   1.2146490e+00   1.3099000e+00   1.1275460e+00
   8.7920200e-01   1.1164730e+00   1.2328740e+00   1.3113860e+00   1.0692540e+00
   9.2259000e-01   1.1398790e+00   1.2511020e+00   1.3000500e+00   1.0105410e+00
   9.6897800e-01   1.1601120e+00   1.2688970e+00   1.2735760e+00   9.5261100e-01
   1.0139820e+00   1.1786560e+00   1.2855930e+00   1.2333790e+00   8.9608300e-01
   1.0542400e+00   1.1966270e+00   1.3000200e+00   1.1833250e+00   8.4126500e-01
   1.0883280e+00   1.2146490e+00   1.3099000e+00   1.1275460e+00   7.8833500e-01
   1.1164730e+00   1.2328740e+00   1.3113860e+00   1.0692540e+00   7.3744800e-01
   1.1398790e+00   1.2511020e+00   1.3000500e+00   1.0105410e+00   6.8876300e-01
   1.1601120e+00   1.2688970e+00   1.2735760e+00   9.5261100e-01   6.4245400e-01
   1.1786560e+00   1.2855930e+00   1.2333790e+00   8.9608300e-01   5.9872300e-01
   1.1966270e+00   1.3000200e+00   1.1833250e+00   8.4126500e-01   5.5784900e-01
   1.2146490e+00   1.3099000e+00   1.1275460e+00   7.8833500e-01   5.2029900e-01
   1.2328740e+00   1.3113860e+00   1.0692540e+00   7.3744800e-01   4.8686700e-01
   1.2511020e+00   1.3000500e+00   1.0105410e+00   6.8876300e-01   4.5880400e-01
   1.2688970e+00   1.2735760e+00   9.5261100e-01   6.4245400e-01   4.3796300e-01
   1.2855930e+00   1.2333790e+00   8.9608300e-01   5.9872300e-01   4.2696400e-01
   1.3000200e+00   1.1833250e+00   8.4126500e-01   5.5784900e-01   4.2922400e-01
   1.3099000e+00   1.1275460e+00   7.8833500e-01   5.2029900e-01   4.4842100e-01
   1.3113860e+00   1.0692540e+00   7.3744800e-01   4.8686700e-01   4.8695700e-01
   1.3000500e+00   1.0105410e+00   6.8876300e-01   4.5880400e-01   5.4381900e-01
   1.2735760e+00   9.5261100e-01   6.4245400e-01   4.3796300e-01   6.1361000e-01
   1.2333790e+00   8.9608300e-01   5.9872300e-01   4.2696400e-01   6.8822900e-01
   1.1833250e+00   8.4126500e-01   5.5784900e-01   4.2922400e-01   7.5993000e-01
   1.1275460e+00   7.8833500e-01   5.2029900e-01   4.4842100e-01   8.2335700e-01
   1.0692540e+00   7.3744800e-01   4.8686700e-01   4.8695700e-01   8.7580300e-01
   1.0105410e+00   6.8876300e-01   4.5880400e-01   5.4381900e-01   9.1651800e-01
   9.5261100e-01   6.4245400e-01   4.3796300e-01   6.1361000e-01   9.4592100e-01
   8.9608300e-01   5.9872300e-01   4.2696400e-01   6.8822900e-01   9.6502000e-01
   8.4126500e-01   5.5784900e-01   4.2922400e-01   7.5993000e-01   9.7510600e-01
   7.8833500e-01   5.2029900e-01   4.4842100e-01   8.2335700e-01   9.7761600e-01
   7.3744800e-01   4.8686700e-01   4.8695700e-01   8.7580300e-01   9.7412000e-01
   6.8876300e-01   4.5880400e-01   5.4381900e-01   9.1651800e-01   9.6637000e-01
   6.4245400e-01   4.3796300e-01   6.1361000e-01   9.4592100e-01   9.5639800e-01
   5.9872300e-01   4.2696400e-01   6.8822900e-01   9.6502000e-01   9.4663400e-01
   5.5784900e-01   4.2922400e-01   7.5993000e-01   9.7510600e-01   9.3996900e-01
   5.2029900e-01   4.4842100e-01   8.2335700e-01   9.7761600e-01   9.3960600e-01
   4.8686700e-01   4.8695700e-01   8.7580300e-01   9.7412000e-01   9.4851400e-01
   4.5880400e-01   5.4381900e-01   9.1651800e-01   9.6637000e-01   9.6850200e-01
   4.3796300e-01   6.1361000e-01   9.4592100e-01   9.5639800e-01   9.9914600e-01
   4.2696400e-01   6.8822900e-01   9.6502000e-01   9.4663400e-01   1.0369250e+00
   4.2922400e-01   7.5993000e-01   9.7510600e-01   9.3996900e-01   1.0754120e+00
   4.4842100e-01   8.2335700e-01   9.7761600e-01   9.3960600e-01   1.1075910e+00
   4.8695700e-01   8.7580300e-01   9.7412000e-01   9.4851400e-01   1.1291550e+00
   5.4381900e-01   9.1651800e-01   9.6637000e-01   9.6850200e-01   1.1397860e+00
   6.1361000e-01   9.4592100e-01   9.5639800e-01   9.9914600e-01   1.1419400e+00
   6.8822900e-01   9.6502000e-01   9.4663400e-01   1.0369250e+00   1.1390480e+00
   7.5993000e-01   9.7510600e-01   9.3996900e-01   1.0754120e+00   1.1343710e+00
   8.2335700e-01   9.7761600e-01   9.3960600e-01   1.1075910e+00   1.1304940e+00
   8.7580300e-01   9.7412000e-01   9.4851400e-01   1.1291550e+00   1.1291450e+00
   9.1651800e-01   9.6637000e-01   9.6850200e-01   1.1397860e+00   1.1311290e+00
   9.4592100e-01   9.5639800e-01   9.9914600e-01   1.1419400e+00   1.1363080e+00
   9.6502000e-01   9.4663400e-01   1.0369250e+00   1.1390480e+00   1.1436600e+00
   9.7510600e-01   9.3996900e-01   1.0754120e+00   1.1343710e+00   1.1513760e+00
   9.7761600e-01   9.3960600e-01   1.1075910e+00   1.1304940e+00   1.1569160e+00
   9.7412000e-01   9.4851400e-01   1.1291550e+00   1.1291450e+00   1.1569740e+00
   9.6637000e-01   9.6850200e-01   1.1397860e+00   1.1311290e+00   1.1477080e+00
   9.5639800e-01   9.9914600e-01   1.1419400e+00   1.1363080e+00   1.1260200e+00
   9.4663400e-01   1.0369250e+00   1.1390480e+00   1.1436600e+00   1.0916930e+00
   9.3996900e-01   1.0754120e+00   1.1343710e+00   1.1513760e+00   1.0480620e+00
   9.3960600e-01   1.1075910e+00   1.1304940e+00   1.1569160e+00   1.0000930e+00
   9.4851400e-01   1.1291550e+00   1.1291450e+00   1.1569740e+00   9.5216800e-01
   9.6850200e-01   1.1397860e+00   1.1311290e+00   1.1477080e+00   9.0722200e-01
   9.9914600e-01   1.1419400e+00   1.1363080e+00   1.1260200e+00   8.6681600e-01
   1.0369250e+00   1.1390480e+00   1.1436600e+00   1.0916930e+00   8.3141300e-01
   1.0754120e+00   1.1343710e+00   1.1513760e+00   1.0480620e+00   8.0063800e-01
   1.1075910e+00   1.1304940e+00   1.1569160e+00   1.0000930e+00   7.7353600e-01
   1.1291550e+00   1.1291450e+00   1.1569740e+00   9.5216800e-01   7.4887300e-01
   1.1397860e+00   1.1311290e+00   1.1477080e+00   9.0722200e-01   7.2545600e-01
   1.1419400e+00   1.1363080e+00   1.1260200e+00   8.6681600e-01   7.0243300e-01
   1.1390480e+00   1.1436600e+00   1.0916930e+00   8.3141300e-01   6.7949400e-01
   1.1343710e+00   1.1513760e+00   1.0480620e+00   8.0063800e-01   6.5696500e-01
   1.1304940e+00   1.1569160e+00   1.0000930e+00   7.7353600e-01   6.3586400e-01
   1.1291450e+00   1.1569740e+00   9.5216800e-01   7.4887300e-01   6.1802300e-01
   1.1311290e+00   1.1477080e+00   9.0722200e-01   7.2545600e-01   6.0625900e-01
   1.1363080e+00   1.1260200e+00   8.6681600e-01   7.0243300e-01   6.0435300e-01
   1.1436600e+00   1.0916930e+00   8.3141300e-01   6.7949400e-01   6.1630500e-01
   1.1513760e+00   1.0480620e+00   8.0063800e-01   6.5696500e-01   6.4459000e-01
   1.1569160e+00   1.0000930e+00   7.7353600e-01   6.3586400e-01   6.8826100e-01
   1.1569740e+00   9.5216800e-01   7.4887300e-01   6.1802300e-01   7.4280200e-01
   1.1477080e+00   9.0722200e-01   7.2545600e-01   6.0625900e-01   8.0218600e-01
   1.1260200e+00   8.6681600e-01   7.0243300e-01   6.0435300e-01   8.6122400e-01
   1.0916930e+00   8.3141300e-01   6.7949400e-01   6.1630500e-01   9.1657100e-01
   1.0480620e+00   8.0063800e-01   6.5696500e-01   6.4459000e-01   9.6651800e-01
   1.0000930e+00   7.7353600e-01   6.3586400e-01   6.8826100e-01   1.0103890e+00
   9.5216800e-01   7.4887300e-01   6.1802300e-01   7.4280200e-01   1.0480240e+00
   9.0722200e-01   7.2545600e-01   6.0625900e-01   8.0218600e-01   1.0794670e+00
   8.6681600e-01   7.0243300e-01   6.0435300e-01   8.6122400e-01   1.1048620e+00
   8.3141300e-01   6.7949400e-01   6.1630500e-01   9.1657100e-01   1.1244590e+00
   8.0063800e-01   6.5696500e-01   6.4459000e-01   9.6651800e-01   1.1386950e+00
   7.7353600e-01   6.3586400e-01   6.8826100e-01   1.0103890e+00   1.1483040e+00
   7.4887300e-01   6.1802300e-01   7.4280200e-01   1.0480240e+00   1.1544460e+00
   7.2545600e-01   6.0625900e-01   8.0218600e-01   1.0794670e+00   1.1588420e+00
   7.0243300e-01   6.0435300e-01   8.6122400e-01   1.1048620e+00   1.1637930e+00
   6.7949400e-01   6.1630500e-01   9.1657100e-01   1.1244590e+00   1.1718920e+00
   6.5696500e-01   6.4459000e-01   9.6651800e-01   1.1386950e+00   1.1852330e+00
   6.3586400e-01   6.8826100e-01   1.0103890e+00   1.1483040e+00   1.2041870e+00
   6.1802300e-01   7.4280200e-01   1.0480240e+00   1.1544460e+00   1.2262080e+00
   6.0625900e-01   8.0218600e-01   1.0794670e+00   1.1588420e+00   1.2456130e+00
   6.0435300e-01   8.6122400e-01   1.1048620e+00   1.1637930e+00   1.2553920e+00
   6.1630500e-01   9.1657100e-01   1.1244590e+00   1.1718920e+00   1.2504770e+00
   6.4459000e-01   9.6651800e-01   1.1386950e+00   1.1852330e+00   1.2297950e+00
   6.8826100e-01   1.0103890e+00   1.1483040e+00   1.2041870e+00   1.1956800e+00
   7.4280200e-01   1.0480240e+00   1.1544460e+00   1.2262080e+00   1.1519860e+00
   8.0218600e-01   1.0794670e+00   1.1588420e+00   1.2456130e+00   1.1025980e+00
   8.6122400e-01   1.1048620e+00   1.1637930e+00   1.2553920e+00   1.0507550e+00
   9.1657100e-01   1.1244590e+00   1.1718920e+00   1.2504770e+00   9.9889600e-01
   9.6651800e-01   1.1386950e+00   1.1852330e+00   1.2297950e+00   9.4872700e-01
   1.0103890e+00   1.1483040e+00   1.2041870e+00   1.1956800e+00   9.0131000e-01
   1.0480240e+00   1.1544460e+00   1.2262080e+00   1.1519860e+00   8.5711000e-01
   1.0794670e+00   1.1588420e+00   1.2456130e+00   1.1025980e+00   8.1598000e-01
   1.1048620e+00   1.1637930e+00   1.2553920e+00   1.0507550e+00   7.7717200e-01
   1.1244590e+00   1.1718920e+00   1.2504770e+00   9.9889600e-01   7.3950900e-01
   1.1386950e+00   1.1852330e+00   1.2297950e+00   9.4872700e-01   7.0184900e-01
   1.1483040e+00   1.2041870e+00   1.1956800e+00   9.0131000e-01   6.6368800e-01
   1.1544460e+00   1.2262080e+00   1.1519860e+00   8.5711000e-01   6.2553300e-01
   1.1588420e+00   1.2456130e+00   1.1025980e+00   8.1598000e-01   5.8876400e-01
   1.1637930e+00   1.2553920e+00   1.0507550e+00   7.7717200e-01   5.5522600e-01
   1.1718920e+00   1.2504770e+00   9.9889600e-01   7.3950900e-01   5.2698000e-01
   1.1852330e+00   1.2297950e+00   9.4872700e-01   7.0184900e-01   5.0636800e-01
   1.2041870e+00   1.1956800e+00   9.0131000e-01   6.6368800e-01   4.9617900e-01
   1.2262080e+00   1.1519860e+00   8.5711000e-01   6.2553300e-01   4.9958400e-01
   1.2456130e+00   1.1025980e+00   8.1598000e-01   5.8876400e-01   5.1943400e-01
   1.2553920e+00   1.0507550e+00   7.7717200e-01   5.5522600e-01   5.5682800e-01
   1.2504770e+00   9.9889600e-01   7.3950900e-01   5.2698000e-01   6.0972700e-01
   1.2297950e+00   9.4872700e-01   7.0184900e-01   5.0636800e-01   6.7303800e-01
   1.1956800e+00   9.0131000e-01   6.6368800e-01   4.9617900e-01   7.4041700e-01
   1.1519860e+00   8.5711000e-01   6.2553300e-01   4.9958400e-01   8.0631400e-01
   1.1025980e+00   8.1598000e-01   5.8876400e-01   5.1943400e-01   8.6690600e-01
   1.0507550e+00   7.7717200e-01   5.5522600e-01   5.5682800e-01   9.1995300e-01
   9.9889600e-01   7.3950900e-01   5.2698000e-01   6.0972700e-01   9.6426800e-01
   9.4872700e-01   7.0184900e-01   5.0636800e-01   6.7303800e-01   9.9929700e-01
   9.0131000e-01   6.6368800e-01   4.9617900e-01   7.4041700e-01   1.0249880e+00
   8.5711000e-01   6.2553300e-01   4.9958400e-01   8.0631400e-01   1.0417980e+00
   8.1598000e-01   5.8876400e-01   5.1943400e-01   8.6690600e-01   1.0506900e+00
   7.7717200e-01   5.5522600e-01   5.5682800e-01   9.1995300e-01   1.0530620e+00
   7.3950900e-01   5.2698000e-01   6.0972700e-01   9.6426800e-01   1.0506890e+00
   7.0184900e-01   5.0636800e-01   6.7303800e-01   9.9929700e-01   1.0457150e+00
   6.6368800e-01   4.9617900e-01   7.4041700e-01   1.0249880e+00   1.0406760e+00
   6.2553300e-01   4.9958400e-01   8.0631400e-01   1.0417980e+00   1.0384470e+00
   5.8876400e-01   5.1943400e-01   8.6690600e-01   1.0506900e+00   1.0419760e+00
   5.5522600e-01   5.5682800e-01   9.1995300e-01   1.0530620e+00   1.0536660e+00
   5.2698000e-01   6.0972700e-01   9.6426800e-01   1.0506890e+00   1.0744940e+00
   5.0636800e-01   6.7303800e-01   9.9929700e-01   1.0457150e+00   1.1030240e+00
   4.9617900e-01   7.4041700e-01   1.0249880e+00   1.0406760e+00   1.1346960e+00
   4.9958400e-01   8.0631400e-01   1.0417980e+00   1.0384470e+00   1.1623900e+00
   5.1943400e-01   8.6690600e-01   1.0506900e+00   1.0419760e+00   1.1791280e+00
   5.5682800e-01   9.1995300e-01   1.0530620e+00   1.0536660e+00   1.1813490e+00
   6.0972700e-01   9.6426800e-01   1.0506890e+00   1.0744940e+00   1.1698410e+00
   6.7303800e-01   9.9929700e-01   1.0457150e+00   1.1030240e+00   1.1481590e+00
   7.4041700e-01   1.0249880e+00   1.0406760e+00   1.1346960e+00   1.1205910e+00
   8.0631400e-01   1.0417980e+00   1.0384470e+00   1.1623900e+00   1.0909660e+00
   8.6690600e-01   1.0506900e+00   1.0419760e+00   1.1791280e+00   1.0622330e+00
   9.1995300e-01   1.0530620e+00   1.0536660e+00   1.1813490e+00   1.0363980e+00
   9.6426800e-01   1.0506890e+00   1.0744940e+00   1.1698410e+00   1.0145320e+00
   9.9929700e-01   1.0457150e+00   1.1030240e+00   1.1481590e+00   9.9673000e-01
   1.0249880e+00   1.0406760e+00   1.1346960e+00   1.1205910e+00   9.8203700e-01
   1.0417980e+00   1.0384470e+00   1.1623900e+00   1.0909660e+00   9.6845400e-01
   1.0506900e+00   1.0419760e+00   1.1791280e+00   1.0622330e+00   9.5315700e-01
   1.0530620e+00   1.0536660e+00   1.1813490e+00   1.0363980e+00   9.3308000e-01
   1.0506890e+00   1.0744940e+00   1.1698410e+00   1.0145320e+00   9.0595600e-01
   1.0457150e+00   1.1030240e+00   1.1481590e+00   9.9673000e-01   8.7149700e-01
   1.0406760e+00   1.1346960e+00   1.1205910e+00   9.8203700e-01   8.3177200e-01
   1.0384470e+00   1.1623900e+00   1.0909660e+00   9.6845400e-01   7.9030600e-01
   1.0419760e+00   1.1791280e+00   1.0622330e+00   9.5315700e-01   7.5076900e-01
   1.0536660e+00   1.1813490e+00   1.0363980e+00   9.3308000e-01   7.1628800e-01
   1.0744940e+00   1.1698410e+00   1.0145320e+00   9.0595600e-01   6.8935500e-01
   1.1030240e+00   1.1481590e+00   9.9673000e-01   8.7149700e-01   6.7184400e-01
   1.1346960e+00   1.1205910e+00   9.8203700e-01   8.3177200e-01   6.6487500e-01
   1.1623900e+00   1.0909660e+00   9.6845400e-01   7.9030600e-01   6.6856300e-01
   1.1791280e+00   1.0622330e+00   9.5315700e-01   7.5076900e-01   6.8191000e-01
   1.1813490e+00   1.0363980e+00   9.3308000e-01   7.1628800e-01   7.0302300e-01
   1.1698410e+00   1.0145320e+00   9.0595600e-01   6.8935500e-01   7.2964500e-01
   1.1481590e+00   9.9673000e-01   8.7149700e-01   6.7184400e-01   7.5976600e-01
   1.1205910e+00   9.8203700e-01   8.3177200e-01   6.6487500e-01   7.9211400e-01
   1.0909660e+00   9.6845400e-01   7.9030600e-01   6.6856300e-01   8.2640500e-01
   1.0622330e+00   9.5315700e-01   7.5076900e-01   6.8191000e-01   8.6324300e-01
   1.0363980e+00   9.3308000e-01   7.1628800e-01   7.0302300e-01   9.0348300e-01
   1.0145320e+00   9.0595600e-01   6.8935500e-01   7.2964500e-01   9.4704600e-01
   9.9673000e-01   8.7149700e-01   6.7184400e-01   7.5976600e-01   9.9197100e-01
   9.8203700e-01   8.3177200e-01   6.6487500e-01   7.9211400e-01   1.0349020e+00
   9.6845400e-01   7.9030600e-01   6.6856300e-01   8.2640500e-01   1.0727490e+00
   9.5315700e-01   7.5076900e-01   6.8191000e-01   8.6324300e-01   1.1039310e+00
   9.3308000e-01   7.1628800e-01   7.0302300e-01   9.0348300e-01   1.1284960e+00
   9.0595600e-01   6.8935500e-01   7.2964500e-01   9.4704600e-01   1.1476550e+00
   8.7149700e-01   6.7184400e-01   7.5976600e-01   9.9197100e-01   1.1632230e+00
   8.3177200e-01   6.6487500e-01   7.9211400e-01   1.0349020e+00   1.1771570e+00
   7.9030600e-01   6.6856300e-01   8.2640500e-01   1.0727490e+00   1.1911700e+00
   7.5076900e-01   6.8191000e-01   8.6324300e-01   1.1039310e+00   1.2064330e+00
   7.1628800e-01   7.0302300e-01   9.0348300e-01   1.1284960e+00   1.2233940e+00
   6.8935500e-01   7.2964500e-01   9.4704600e-01   1.1476550e+00   1.2417350e+00
   6.7184400e-01   7.5976600e-01   9.9197100e-01   1.1632230e+00   1.2604300e+00
   6.6487500e-01   7.9211400e-01   1.0349020e+00   1.1771570e+00   1.2778220e+00
   6.6856300e-01   8.2640500e-01   1.0727490e+00   1.1911700e+00   1.2915780e+00
   6.8191000e-01   8.6324300e-01   1.1039310e+00   1.2064330e+00   1.2985220e+00
   7.0302300e-01   9.0348300e-01   1.1284960e+00   1.2233940e+00   1.2947610e+00
   7.2964500e-01   9.4704600e-01   1.1476550e+00   1.2417350e+00   1.2769460e+00
   7.5976600e-01   9.9197100e-01   1.1632230e+00   1.2604300e+00   1.2443540e+00
   7.9211400e-01   1.0349020e+00   1.1771570e+00   1.2778220e+00   1.1995500e+00
   8.2640500e-01   1.0727490e+00   1.1911700e+00   1.2915780e+00   1.1468020e+00
   8.6324300e-01   1.1039310e+00   1.2064330e+00   1.2985220e+00   1.0901830e+00
   9.0348300e-01   1.1284960e+00   1.2233940e+00   1.2947610e+00   1.0326720e+00
   9.4704600e-01   1.1476550e+00   1.2417350e+00   1.2769460e+00   9.7608500e-01
   9.9197100e-01   1.1632230e+00   1.2604300e+00   1.2443540e+00   9.2130400e-01
   1.0349020e+00   1.1771570e+00   1.2778220e+00   1.1995500e+00   8.6857200e-01
   1.0727490e+00   1.1911700e+00   1.2915780e+00   1.1468020e+00   8.1777500e-01
   1.1039310e+00   1.2064330e+00   1.2985220e+00   1.0901830e+00   7.6869300e-01
   1.1284960e+00   1.2233940e+00   1.2947610e+00   1.0326720e+00   7.2119300e-01
   1.1476550e+00   1.2417350e+00   1.2769460e+00   9.7608500e-01   6.7532000e-01
   1.1632230e+00   1.2604300e+00   1.2443540e+00   9.2130400e-01   6.3130800e-01
   1.1771570e+00   1.2778220e+00   1.1995500e+00   8.6857200e-01   5.8955200e-01
   1.1911700e+00   1.2915780e+00   1.1468020e+00   8.1777500e-01   5.5060000e-01
   1.2064330e+00   1.2985220e+00   1.0901830e+00   7.6869300e-01   5.1521200e-01
   1.2233940e+00   1.2947610e+00   1.0326720e+00   7.2119300e-01   4.8449300e-01
   1.2417350e+00   1.2769460e+00   9.7608500e-01   6.7532000e-01   4.6007400e-01
   1.2604300e+00   1.2443540e+00   9.2130400e-01   6.3130800e-01   4.4431300e-01
   1.2778220e+00   1.1995500e+00   8.6857200e-01   5.8955200e-01   4.4039200e-01
   1.2915780e+00   1.1468020e+00   8.1777500e-01   5.5060000e-01   4.5199200e-01
   1.2985220e+00   1.0901830e+00   7.6869300e-01   5.1521200e-01   4.8208400e-01
   1.2947610e+00   1.0326720e+00   7.2119300e-01   4.8449300e-01   5.3094600e-01
   1.2769460e+00   9.7608500e-01   6.7532000e-01   4.6007400e-01   5.9480700e-01
   1.2443540e+00   9.2130400e-01   6.3130800e-01   4.4431300e-01   6.6671200e-01
   1.1995500e+00   8.6857200e-01   5.8955200e-01   4.4039200e-01   7.3909100e-01
   1.1468020e+00   8.1777500e-01   5.5060000e-01   4.5199200e-01   8.0593900e-01
   1.0901830e+00   7.6869300e-01   5.1521200e-01   4.8208400e-01   8.6356000e-01
   1.0326720e+00   7.2119300e-01   4.8449300e-01   5.3094600e-01   9.1026700e-01
   9.7608500e-01   6.7532000e-01   4.6007400e-01   5.9480700e-01   9.4577400e-01
   9.2130400e-01   6.3130800e-01   4.4431300e-01   6.6671200e-01   9.7064300e-01
   8.6857200e-01   5.8955200e-01   4.4039200e-01   7.3909100e-01   9.8591200e-01
   8.1777500e-01   5.5060000e-01   4.5199200e-01   8.0593900e-01   9.9287800e-01
   7.6869300e-01   5.1521200e-01   4.8208400e-01   8.6356000e-01   9.9301400e-01
   7.2119300e-01   4.8449300e-01   5.3094600e-01   9.1026700e-01   9.8797000e-01
   6.7532000e-01   4.6007400e-01   5.9480700e-01   9.4577400e-01   9.7965400e-01
   6.3130800e-01   4.4431300e-01   6.6671200e-01   9.7064300e-01   9.7033800e-01
   5.8955200e-01   4.4039200e-01   7.3909100e-01   9.8591200e-01   9.6275200e-01
   5.5060000e-01   4.5199200e-01   8.0593900e-01   9.9287800e-01   9.6001000e-01
   5.1521200e-01   4.8208400e-01   8.6356000e-01   9.9301400e-01   9.6520600e-01
   4.8449300e-01   5.3094600e-01   9.1026700e-01   9.8797000e-01   9.8062600e-01
   4.6007400e-01   5.9480700e-01   9.4577400e-01   9.7965400e-01   1.0067500e+00
   4.4431300e-01   6.6671200e-01   9.7064300e-01   9.7033800e-01   1.0413020e+00
   4.4039200e-01   7.3909100e-01   9.8591200e-01   9.6275200e-01   1.0788220e+00
   4.5199200e-01   8.0593900e-01   9.9287800e-01   9.6001000e-01   1.1120060e+00
   4.8208400e-01   8.6356000e-01   9.9301400e-01   9.6520600e-01   1.1349870e+00
   5.3094600e-01   9.1026700e-01   9.8797000e-01   9.8062600e-01   1.1458640e+00
   5.9480700e-01   9.4577400e-01   9.7965400e-01   1.0067500e+00   1.1463650e+00
   6.6671200e-01   9.7064300e-01   9.7033800e-01   1.0413020e+00   1.1399480e+00
   7.3909100e-01   9.8591200e-01   9.6275200e-01   1.0788220e+00   1.1302490e+00
   8.0593900e-01   9.9287800e-01   9.6001000e-01   1.1120060e+00   1.1203360e+00
   8.6356000e-01   9.9301400e-01   9.6520600e-01   1.1349870e+00   1.1124570e+00
   9.1026700e-01   9.8797000e-01   9.8062600e-01   1.1458640e+00   1.1079470e+00
   9.4577400e-01   9.7965400e-01   1.0067500e+00   1.1463650e+00   1.1071800e+00
   9.7064300e-01   9.7033800e-01   1.0413020e+00   1.1399480e+00   1.1095420e+00
   9.8591200e-01   9.6275200e-01   1.0788220e+00   1.1302490e+00   1.1134660e+00
   9.9287800e-01   9.6001000e-01   1.1120060e+00   1.1203360e+00   1.1165140e+00
   9.9301400e-01   9.6520600e-01   1.1349870e+00   1.1124570e+00   1.1154670e+00
   9.8797000e-01   9.8062600e-01   1.1458640e+00   1.1079470e+00   1.1065930e+00
   9.7965400e-01   1.0067500e+00   1.1463650e+00   1.1071800e+00   1.0866500e+00
   9.7033800e-01   1.0413020e+00   1.1399480e+00   1.1095420e+00   1.0547280e+00
   9.6275200e-01   1.0788220e+00   1.1302490e+00   1.1134660e+00   1.0133290e+00
   9.6001000e-01   1.1120060e+00   1.1203360e+00   1.1165140e+00   9.6709500e-01
   9.6520600e-01   1.1349870e+00   1.1124570e+00   1.1154670e+00   9.2060300e-01
   9.8062600e-01   1.1458640e+00   1.1079470e+00   1.1065930e+00   8.7721200e-01
   1.0067500e+00   1.1463650e+00   1.1071800e+00   1.0866500e+00   8.3894800e-01
   1.0413020e+00   1.1399480e+00   1.1095420e+00   1.0547280e+00   8.0671200e-01
   1.0788220e+00   1.1302490e+00   1.1134660e+00   1.0133290e+00   7.8047200e-01
   1.1120060e+00   1.1203360e+00   1.1165140e+00   9.6709500e-01   7.5944000e-01
   1.1349870e+00   1.1124570e+00   1.1154670e+00   9.2060300e-01   7.4231200e-01
   1.1458640e+00   1.1079470e+00   1.1065930e+00   8.7721200e-01   7.2758100e-01
   1.1463650e+00   1.1071800e+00   1.0866500e+00   8.3894800e-01   7.1391100e-01
   1.1399480e+00   1.1095420e+00   1.0547280e+00   8.0671200e-01   7.0046300e-01
   1.1302490e+00   1.1134660e+00   1.0133290e+00   7.8047200e-01   6.8714900e-01
   1.1203360e+00   1.1165140e+00   9.6709500e-01   7.5944000e-01   6.7477400e-01
   1.1124570e+00   1.1154670e+00   9.2060300e-01   7.4231200e-01   6.6517600e-01
   1.1079470e+00   1.1065930e+00   8.7721200e-01   7.2758100e-01   6.6132700e-01
   1.1071800e+00   1.0866500e+00   8.3894800e-01   7.1391100e-01   6.6715400e-01
   1.1095420e+00   1.0547280e+00   8.0671200e-01   7.0046300e-01   6.8646700e-01
   1.1134660e+00   1.0133290e+00   7.8047200e-01   6.8714900e-01   7.2086900e-01
   1.1165140e+00   9.6709500e-01   7.5944000e-01   6.7477400e-01   7.6807400e-01
   1.1154670e+00   9.2060300e-01   7.4231200e-01   6.6517600e-01   8.2267700e-01
   1.1065930e+00   8.7721200e-01   7.2758100e-01   6.6132700e-01   8.7882600e-01
   1.0866500e+00   8.3894800e-01   7.1391100e-01   6.6715400e-01   9.3229800e-01
   1.0547280e+00   8.0671200e-01   7.0046300e-01   6.8646700e-01   9.8091500e-01
   1.0133290e+00   7.8047200e-01   6.8714900e-01   7.2086900e-01   1.0239940e+00
   9.6709500e-01   7.5944000e-01   6.7477400e-01   7.6807400e-01   1.0616350e+00
   9.2060300e-01   7.4231200e-01   6.6517600e-01   8.2267700e-01   1.0942250e+00
   8.7721200e-01   7.2758100e-01   6.6132700e-01   8.7882600e-01   1.1221670e+00
   8.3894800e-01   7.1391100e-01   6.6715400e-01   9.3229800e-01   1.1457830e+00
   8.0671200e-01   7.0046300e-01   6.8646700e-01   9.8091500e-01   1.1653520e+00
   7.8047200e-01   6.8714900e-01   7.2086900e-01   1.0239940e+00   1.1812080e+00
   7.5944000e-01   6.7477400e-01   7.6807400e-01   1.0616350e+00   1.1938930e+00
   7.4231200e-01   6.6517600e-01   8.2267700e-01   1.0942250e+00   1.2043340e+00
   7.2758100e-01   6.6132700e-01   8.7882600e-01   1.1221670e+00   1.2139700e+00
   7.1391100e-01   6.6715400e-01   9.3229800e-01   1.1457830e+00   1.2246880e+00
   7.0046300e-01   6.8646700e-01   9.8091500e-01   1.1653520e+00   1.2382620e+00
   6.8714900e-01   7.2086900e-01   1.0239940e+00   1.1812080e+00   1.2551290e+00
   6.7477400e-01   7.6807400e-01   1.0616350e+00   1.1938930e+00   1.2729400e+00
   6.6517600e-01   8.2267700e-01   1.0942250e+00   1.2043340e+00   1.2862180e+00
   6.6132700e-01   8.7882600e-01   1.1221670e+00   1.2139700e+00   1.2884480e+00
   6.6715400e-01   9.3229800e-01   1.1457830e+00   1.2246880e+00   1.2754860e+00
   6.8646700e-01   9.8091500e-01   1.1653520e+00   1.2382620e+00   1.2471730e+00
   7.2086900e-01   1.0239940e+00   1.1812080e+00   1.2551290e+00   1.2062570e+00
   7.6807400e-01   1.0616350e+00   1.1938930e+00   1.2729400e+00   1.1565010e+00
   8.2267700e-01   1.0942250e+00   1.2043340e+00   1.2862180e+00   1.1014490e+00
   8.7882600e-01   1.1221670e+00   1.2139700e+00   1.2884480e+00   1.0439640e+00
   9.3229800e-01   1.1457830e+00   1.2246880e+00   1.2754860e+00   9.8619000e-01
   9.8091500e-01   1.1653520e+00   1.2382620e+00   1.2471730e+00   9.2964400e-01
   1.0239940e+00   1.1812080e+00   1.2551290e+00   1.2062570e+00   8.7533300e-01
   1.0616350e+00   1.1938930e+00   1.2729400e+00   1.1565010e+00   8.2382600e-01
   1.0942250e+00   1.2043340e+00   1.2862180e+00   1.1014490e+00   7.7529100e-01
   1.1221670e+00   1.2139700e+00   1.2884480e+00   1.0439640e+00   7.2951600e-01
   1.1457830e+00   1.2246880e+00   1.2754860e+00   9.8619000e-01   6.8599700e-01
   1.1653520e+00   1.2382620e+00   1.2471730e+00   9.2964400e-01   6.4417600e-01
   1.1812080e+00   1.2551290e+00   1.2062570e+00   8.7533300e-01   6.0381000e-01
   1.1938930e+00   1.2729400e+00   1.1565010e+00   8.2382600e-01   5.6525700e-01
   1.2043340e+00   1.2862180e+00   1.1014490e+00   7.7529100e-01   5.2946800e-01
   1.2139700e+00   1.2884480e+00   1.0439640e+00   7.2951600e-01   4.9780700e-01
   1.2246880e+00   1.2754860e+00   9.8619000e-01   6.8599700e-01   4.7197900e-01
   1.2382620e+00   1.2471730e+00   9.2964400e-01   6.4417600e-01   4.5418300e-01
   1.2551290e+00   1.2062570e+00   8.7533300e-01   6.0381000e-01   4.4733400e-01
   1.2729400e+00   1.1565010e+00   8.2382600e-01   5.6525700e-01   4.5502200e-01
   1.2862180e+00   1.1014490e+00   7.7529100e-01   5.2946800e-01   4.8067100e-01
   1.2884480e+00   1.0439640e+00   7.2951600e-01   4.9780700e-01   5.2559900e-01
   1.2754860e+00   9.8619000e-01   6.8599700e-01   4.7197900e-01   5.8699500e-01
   1.2471730e+00   9.2964400e-01   6.4417600e-01   4.5418300e-01   6.5805600e-01
   1.2062570e+00   8.7533300e-01   6.0381000e-01   4.4733400e-01   7.3070400e-01
   1.1565010e+00   8.2382600e-01   5.6525700e-01   4.5502200e-01   7.9845700e-01
   1.1014490e+00   7.7529100e-01   5.2946800e-01   4.8067100e-01   8.5745900e-01
   1.0439640e+00   7.2951600e-01   4.9780700e-01   5.2559900e-01   9.0603500e-01
   9.8619000e-01   6.8599700e-01   4.7197900e-01   5.8699500e-01   9.4385400e-01
   9.2964400e-01   6.4417600e-01   4.5418300e-01   6.5805600e-01   9.7129700e-01
   8.7533300e-01   6.0381000e-01   4.4733400e-01   7.3070400e-01   9.8915300e-01
   8.2382600e-01   5.6525700e-01   4.5502200e-01   7.9845700e-01   9.9850600e-01
   7.7529100e-01   5.2946800e-01   4.8067100e-01   8.5745900e-01   1.0006950e+00
   7.2951600e-01   4.9780700e-01   5.2559900e-01   9.0603500e-01   9.9729700e-01
   6.8599700e-01   4.7197900e-01   5.8699500e-01   9.4385400e-01   9.9014600e-01
   6.4417600e-01   4.5418300e-01   6.5805600e-01   9.7129700e-01   9.8140900e-01
   6.0381000e-01   4.4733400e-01   7.3070400e-01   9.8915300e-01   9.7368600e-01
   5.6525700e-01   4.5502200e-01   7.9845700e-01   9.9850600e-01   9.7000900e-01
   5.2946800e-01   4.8067100e-01   8.5745900e-01   1.0006950e+00   9.7355900e-01
   4.9780700e-01   5.2559900e-01   9.0603500e-01   9.9729700e-01   9.8692600e-01
   4.7197900e-01   5.8699500e-01   9.4385400e-01   9.9014600e-01   1.0110330e+00
   4.5418300e-01   6.5805600e-01   9.7129700e-01   9.8140900e-01   1.0440610e+00
   4.4733400e-01   7.3070400e-01   9.8915300e-01   9.7368600e-01   1.0809210e+00
   4.5502200e-01   7.9845700e-01   9.9850600e-01   9.7000900e-01   1.1143650e+00
   4.8067100e-01   8.5745900e-01   1.0006950e+00   9.7355900e-01   1.1380950e+00
   5.2559900e-01   9.0603500e-01   9.9729700e-01   9.8692600e-01   1.1495190e+00
   5.8699500e-01   9.4385400e-01   9.9014600e-01   1.0110330e+00   1.1498330e+00
   6.5805600e-01   9.7129700e-01   9.8140900e-01   1.0440610e+00   1.1423100e+00
   7.3070400e-01   9.8915300e-01   9.7368600e-01   1.0809210e+00   1.1306540e+00
   7.9845700e-01   9.9850600e-01   9.7000900e-01   1.1143650e+00   1.1181240e+00
   8.5745900e-01   1.0006950e+00   9.7355900e-01   1.1380950e+00   1.1071930e+00
   9.0603500e-01   9.9729700e-01   9.8692600e-01   1.1495190e+00   1.0994420e+00
   9.4385400e-01   9.9014600e-01   1.0110330e+00   1.1498330e+00   1.0955080e+00
   9.7129700e-01   9.8140900e-01   1.0440610e+00   1.1423100e+00   1.0950350e+00
   9.8915300e-01   9.7368600e-01   1.0809210e+00   1.1306540e+00   1.0966700e+00
   9.9850600e-01   9.7000900e-01   1.1143650e+00   1.1181240e+00   1.0981110e+00
   1.0006950e+00   9.7355900e-01   1.1380950e+00   1.1071930e+00   1.0962000e+00
   9.9729700e-01   9.8692600e-01   1.1495190e+00   1.0994420e+00   1.0872120e+00
   9.4542600e-01   1.1003310e+00   1.1291450e+00   1.1431280e+00   1.0043130e+00
   9.4983000e-01   1.1256890e+00   1.1247050e+00   1.1449880e+00   9.5641400e-01
   9.6494700e-01   1.1397060e+00   1.1233870e+00   1.1390720e+00   9.1074300e-01
   9.9140500e-01   1.1438580e+00   1.1255720e+00   1.1217620e+00   8.6938700e-01
   1.0267970e+00   1.1412850e+00   1.1307030e+00   1.0916580e+00   8.3326800e-01
   1.0655010e+00   1.1354000e+00   1.1373220e+00   1.0509630e+00   8.0238100e-01
   1.1003310e+00   1.1291450e+00   1.1431280e+00   1.0043130e+00   7.7600700e-01
   1.1256890e+00   1.1247050e+00   1.1449880e+00   9.5641400e-01   7.5296600e-01
   1.1397060e+00   1.1233870e+00   1.1390720e+00   9.1074300e-01   7.3192400e-01
   1.1438580e+00   1.1255720e+00   1.1217620e+00   8.6938700e-01   7.1172700e-01
   1.1412850e+00   1.1307030e+00   1.0916580e+00   8.3326800e-01   6.9168300e-01
   1.1354000e+00   1.1373220e+00   1.0509630e+00   8.0238100e-01   6.7174800e-01
   1.1291450e+00   1.1431280e+00   1.0043130e+00   7.7600700e-01   6.5264000e-01
   1.1247050e+00   1.1449880e+00   9.5641400e-01   7.5296600e-01   6.3594100e-01
   1.1233870e+00   1.1390720e+00   9.1074300e-01   7.3192400e-01   6.2424900e-01
   1.1255720e+00   1.1217620e+00   8.6938700e-01   7.1172700e-01   6.2120400e-01
   1.1307030e+00   1.0916580e+00   8.3326800e-01   6.9168300e-01   6.3091600e-01
   1.1373220e+00   1.0509630e+00   8.0238100e-01   6.7174800e-01   6.5636800e-01
   1.1431280e+00   1.0043130e+00   7.7600700e-01   6.5264000e-01   6.9736600e-01
   1.1449880e+00   9.5641400e-01   7.5296600e-01   6.3594100e-01   7.4992500e-01
   1.1390720e+00   9.1074300e-01   7.3192400e-01   6.2424900e-01   8.0805800e-01
   1.1217620e+00   8.6938700e-01   7.1172700e-01   6.2120400e-01   8.6632500e-01
   1.0916580e+00   8.3326800e-01   6.9168300e-01   6.3091600e-01   9.2114300e-01
   1.0509630e+00   8.0238100e-01   6.7174800e-01   6.5636800e-01   9.7071900e-01
   1.0043130e+00   7.7600700e-01   6.5264000e-01   6.9736600e-01   1.0144230e+00
   9.5641400e-01   7.5296600e-01   6.3594100e-01   7.4992500e-01   1.0522040e+00
   9.1074300e-01   7.3192400e-01   6.2424900e-01   8.0805800e-01   1.0842180e+00
   8.6938700e-01   7.1172700e-01   6.2120400e-01   8.6632500e-01   1.1106680e+00
   8.3326800e-01   6.9168300e-01   6.3091600e-01   9.2114300e-01   1.1317840e+00
   8.0238100e-01   6.7174800e-01   6.5636800e-01   9.7071900e-01   1.1479010e+00
   7.7600700e-01   6.5264000e-01   6.9736600e-01   1.0144230e+00   1.1595820e+00
   7.5296600e-01   6.3594100e-01   7.4992500e-01   1.0522040e+00   1.1677740e+00
   7.3192400e-01   6.2424900e-01   8.0805800e-01   1.0842180e+00   1.1739540e+00
   7.1172700e-01   6.2120400e-01   8.6632500e-01   1.1106680e+00   1.1801890e+00
   6.9168300e-01   6.3091600e-01   9.2114300e-01   1.1317840e+00   1.1889160e+00
   6.7174800e-01   6.5636800e-01   9.7071900e-01   1.1479010e+00   1.2021920e+00
   6.5264000e-01   6.9736600e-01   1.0144230e+00   1.1595820e+00   1.2204450e+00
   6.3594100e-01   7.4992500e-01   1.0522040e+00   1.1677740e+00   1.2411860e+00
   6.2424900e-01   8.0805800e-01   1.0842180e+00   1.1739540e+00   1.2587630e+00
   6.2120400e-01   8.6632500e-01   1.1106680e+00   1.1801890e+00   1.2662860e+00
   6.3091600e-01   9.2114300e-01   1.1317840e+00   1.1889160e+00   1.2589440e+00
   6.5636800e-01   9.7071900e-01   1.1479010e+00   1.2021920e+00   1.2359240e+00
   6.9736600e-01   1.0144230e+00   1.1595820e+00   1.2204450e+00   1.1996650e+00
   7.4992500e-01   1.0522040e+00   1.1677740e+00   1.2411860e+00   1.1539780e+00
   8.0805800e-01   1.0842180e+00   1.1739540e+00   1.2587630e+00   1.1026390e+00
   8.6632500e-01   1.1106680e+00   1.1801890e+00   1.2662860e+00   1.0487780e+00
   9.2114300e-01   1.1317840e+00   1.1889160e+00   1.2589440e+00   9.9475500e-01
   9.7071900e-01   1.1479010e+00   1.2021920e+00   1.2359240e+00   9.4223500e-01
   1.0144230e+00   1.1595820e+00   1.2204450e+00   1.1996650e+00   8.9228000e-01
   1.0522040e+00   1.1677740e+00   1.2411860e+00   1.1539780e+00   8.4540600e-01
   1.0842180e+00   1.1739540e+00   1.2587630e+00   1.1026390e+00   8.0159100e-01
   1.1106680e+00   1.1801890e+00   1.2662860e+00   1.0487780e+00   7.6028000e-01
   1.1317840e+00   1.1889160e+00   1.2589440e+00   9.9475500e-01   7.2053100e-01
   1.1479010e+00   1.2021920e+00   1.2359240e+00   9.4223500e-01   6.8139900e-01
   1.1595820e+00   1.2204450e+00   1.1996650e+00   8.9228000e-01   6.4246500e-01
   1.1677740e+00   1.2411860e+00   1.1539780e+00   8.4540600e-01   6.0417800e-01
   1.1739540e+00   1.2587630e+00   1.1026390e+00   8.0159100e-01   5.6776200e-01
   1.1801890e+00   1.2662860e+00   1.0487780e+00   7.6028000e-01   5.3488600e-01
   1.1889160e+00   1.2589440e+00   9.9475500e-01   7.2053100e-01   5.0747700e-01
   1.2021920e+00   1.2359240e+00   9.4223500e-01   6.8139900e-01   4.8781700e-01
   1.2204450e+00   1.1996650e+00   8.9228000e-01   6.4246500e-01   4.7873100e-01
   1.2411860e+00   1.1539780e+00   8.4540600e-01   6.0417800e-01   4.8353800e-01
   1.2587630e+00   1.1026390e+00   8.0159100e-01   5.6776200e-01   5.0530800e-01
   1.2662860e+00   1.0487780e+00   7.6028000e-01   5.3488600e-01   5.4526000e-01
   1.2589440e+00   9.9475500e-01   7.2053100e-01   5.0747700e-01   6.0115200e-01
   1.2359240e+00   9.4223500e-01   6.8139900e-01   4.8781700e-01   6.6733900e-01
   1.1996650e+00   8.9228000e-01   6.4246500e-01   4.7873100e-01   7.3685200e-01
   1.1539780e+00   8.4540600e-01   6.0417800e-01   4.8353800e-01   8.0374700e-01
   1.1026390e+00   8.0159100e-01   5.6776200e-01   5.0530800e-01   8.6410900e-01
   1.0487780e+00   7.6028000e-01   5.3488600e-01   5.4526000e-01   9.1584100e-01
   9.9475500e-01   7.2053100e-01   5.0747700e-01   6.0115200e-01   9.5802800e-01
   9.4223500e-01   6.8139900e-01   4.8781700e-01   6.6733900e-01   9.9044900e-01
   8.9228000e-01   6.4246500e-01   4.7873100e-01   7.3685200e-01   1.0133700e+00
   8.4540600e-01   6.0417800e-01   4.8353800e-01   8.0374700e-01   1.0274990e+00
   8.0159100e-01   5.6776200e-01   5.0530800e-01   8.6410900e-01   1.0339530e+00
   7.6028000e-01   5.3488600e-01   5.4526000e-01   9.1584100e-01   1.0342050e+00
   7.2053100e-01   5.0747700e-01   6.0115200e-01   9.5802800e-01   1.0300580e+00
   6.8139900e-01   4.8781700e-01   6.6733900e-01   9.9044900e-01   1.0236610e+00
   6.4246500e-01   4.7873100e-01   7.3685200e-01   1.0133700e+00   1.0175690e+00
   6.0417800e-01   4.8353800e-01   8.0374700e-01   1.0274990e+00   1.0147120e+00
   5.6776200e-01   5.0530800e-01   8.6410900e-01   1.0339530e+00   1.0181220e+00
   5.3488600e-01   5.4526000e-01   9.1584100e-01   1.0342050e+00   1.0302850e+00
   5.0747700e-01   6.0115200e-01   9.5802800e-01   1.0300580e+00   1.0521850e+00
   4.8781700e-01   6.6733900e-01   9.9044900e-01   1.0236610e+00   1.0822720e+00
   4.7873100e-01   7.3685200e-01   1.0133700e+00   1.0175690e+00   1.1157810e+00
   4.8353800e-01   8.0374700e-01   1.0274990e+00   1.0147120e+00   1.1454840e+00
   5.0530800e-01   8.6410900e-01   1.0339530e+00   1.0181220e+00   1.1645770e+00
   5.4526000e-01   9.1584100e-01   1.0342050e+00   1.0302850e+00   1.1698380e+00
   6.0115200e-01   9.5802800e-01   1.0300580e+00   1.0521850e+00   1.1622390e+00
   6.6733900e-01   9.9044900e-01   1.0236610e+00   1.0822720e+00   1.1452650e+00
   7.3685200e-01   1.0133700e+00   1.0175690e+00   1.1157810e+00   1.1230180e+00
   8.0374700e-01   1.0274990e+00   1.0147120e+00   1.1454840e+00   1.0991410e+00
   8.6410900e-01   1.0339530e+00   1.0181220e+00   1.1645770e+00   1.0764390e+00
   9.1584100e-01   1.0342050e+00   1.0302850e+00   1.1698380e+00   1.0568060e+00
   9.5802800e-01   1.0300580e+00   1.0521850e+00   1.1622390e+00   1.0411910e+00
   9.9044900e-01   1.0236610e+00   1.0822720e+00   1.1452650e+00   1.0295490e+00
   1.0133700e+00   1.0175690e+00   1.1157810e+00   1.1230180e+00   1.0207630e+00
   1.0274990e+00   1.0147120e+00   1.1454840e+00   1.0991410e+00   1.0126590e+00
   1.0339530e+00   1.0181220e+00   1.1645770e+00   1.0764390e+00   1.0021890e+00
   1.0342050e+00   1.0302850e+00   1.1698380e+00   1.0568060e+00   9.8597500e-01
   1.0300580e+00   1.0521850e+00   1.1622390e+00   1.0411910e+00   9.6137300e-01
   1.0236610e+00   1.0822720e+00   1.1452650e+00   1.0295490e+00   9.2787800e-01
   1.0175690e+00   1.1157810e+00   1.1230180e+00   1.0207630e+00   8.8770100e-01
   1.0147120e+00   1.1454840e+00   1.0991410e+00   1.0126590e+00   8.4474800e-01
   1.0181220e+00   1.1645770e+00   1.0764390e+00   1.0021890e+00   8.0302800e-01
   1.0302850e+00   1.1698380e+00   1.0568060e+00   9.8597500e-01   7.6579800e-01
   1.0521850e+00   1.1622390e+00   1.0411910e+00   9.6137300e-01   7.3543600e-01
   1.0822720e+00   1.1452650e+00   1.0295490e+00   9.2787800e-01   7.1351500e-01
   1.1157810e+00   1.1230180e+00   1.0207630e+00   8.8770100e-01   7.0076600e-01
   1.1454840e+00   1.0991410e+00   1.0126590e+00   8.4474800e-01   6.9698500e-01
   1.1645770e+00   1.0764390e+00   1.0021890e+00   8.0302800e-01   7.0105900e-01
   1.1698380e+00   1.0568060e+00   9.8597500e-01   7.6579800e-01   7.1121700e-01
   1.1622390e+00   1.0411910e+00   9.6137300e-01   7.3543600e-01   7.2548500e-01
   1.1452650e+00   1.0295490e+00   9.2787800e-01   7.1351500e-01   7.4220500e-01
   1.1230180e+00   1.0207630e+00   8.8770100e-01   7.0076600e-01   7.6048700e-01
   1.0991410e+00   1.0126590e+00   8.4474800e-01   6.9698500e-01   7.8054700e-01
   1.0764390e+00   1.0021890e+00   8.0302800e-01   7.0105900e-01   8.0379600e-01
   1.0568060e+00   9.8597500e-01   7.6579800e-01   7.1121700e-01   8.3246500e-01
   1.0411910e+00   9.6137300e-01   7.3543600e-01   7.2548500e-01   8.6839100e-01
   1.0295490e+00   9.2787800e-01   7.1351500e-01   7.4220500e-01   9.1125500e-01
   1.0207630e+00   8.8770100e-01   7.0076600e-01   7.6048700e-01   9.5787700e-01
   1.0126590e+00   8.4474800e-01   6.9698500e-01   7.8054700e-01   1.0037350e+00
   1.0021890e+00   8.0302800e-01   7.0105900e-01   8.0379600e-01   1.0452230e+00
   9.8597500e-01   7.6579800e-01   7.1121700e-01   8.3246500e-01   1.0806920e+00
   9.6137300e-01   7.3543600e-01   7.2548500e-01   8.6839100e-01   1.1102070e+00
   9.2787800e-01   7.1351500e-01   7.4220500e-01   9.1125500e-01   1.1348640e+00
   8.8770100e-01   7.0076600e-01   7.6048700e-01   9.5787700e-01   1.1561580e+00
   8.4474800e-01   6.9698500e-01   7.8054700e-01   1.0037350e+00   1.1755240e+00
   8.0302800e-01   7.0105900e-01   8.0379600e-01   1.0452230e+00   1.1940540e+00
   7.6579800e-01   7.1121700e-01   8.3246500e-01   1.0806920e+00   1.2123790e+00
   7.3543600e-01   7.2548500e-01   8.6839100e-01   1.1102070e+00   1.2306950e+00
   7.1351500e-01   7.4220500e-01   9.1125500e-01   1.1348640e+00   1.2488840e+00
   7.0076600e-01   7.6048700e-01   9.5787700e-01   1.1561580e+00   1.2666400e+00
   6.9698500e-01   7.8054700e-01   1.0037350e+00   1.1755240e+00   1.2834800e+00
   7.0105900e-01   8.0379600e-01   1.0452230e+00   1.1940540e+00   1.2985000e+00
   7.1121700e-01   8.3246500e-01   1.0806920e+00   1.2123790e+00   1.3097690e+00
   7.2548500e-01   8.6839100e-01   1.1102070e+00   1.2306950e+00   1.3136960e+00
   7.4220500e-01   9.1125500e-01   1.1348640e+00   1.2488840e+00   1.3056600e+00
   7.6048700e-01   9.5787700e-01   1.1561580e+00   1.2666400e+00   1.2826150e+00
   7.8054700e-01   1.0037350e+00   1.1755240e+00   1.2834800e+00   1.2452220e+00
   8.0379600e-01   1.0452230e+00   1.1940540e+00   1.2985000e+00   1.1970200e+00
   8.3246500e-01   1.0806920e+00   1.2123790e+00   1.3097690e+00   1.1421930e+00
   8.6839100e-01   1.1102070e+00   1.2306950e+00   1.3136960e+00   1.0841480e+00
   9.1125500e-01   1.1348640e+00   1.2488840e+00   1.3056600e+00   1.0251920e+00
   9.5787700e-01   1.1561580e+00   1.2666400e+00   1.2826150e+00   9.6670300e-01
   1.0037350e+00   1.1755240e+00   1.2834800e+00   1.2452220e+00   9.0944100e-01
   1.0452230e+00   1.1940540e+00   1.2985000e+00   1.1970200e+00   8.5381700e-01
   1.0806920e+00   1.2123790e+00   1.3097690e+00   1.1421930e+00   8.0007900e-01
   1.1102070e+00   1.2306950e+00   1.3136960e+00   1.0841480e+00   7.4841600e-01
   1.1348640e+00   1.2488840e+00   1.3056600e+00   1.0251920e+00   6.9899900e-01
   1.1561580e+00   1.2666400e+00   1.2826150e+00   9.6670300e-01   6.5199100e-01
   1.1755240e+00   1.2834800e+00   1.2452220e+00   9.0944100e-01   6.0755800e-01
   1.1940540e+00   1.2985000e+00   1.1970200e+00   8.5381700e-01   5.6592900e-01
   1.2123790e+00   1.3097690e+00   1.1421930e+00   8.0007900e-01   5.2749700e-01
   1.2306950e+00   1.3136960e+00   1.0841480e+00   7.4841600e-01   4.9296200e-01
   1.2488840e+00   1.3056600e+00   1.0251920e+00   6.9899900e-01   4.6345100e-01
   1.2666400e+00   1.2826150e+00   9.6670300e-01   6.5199100e-01   4.4064700e-01
   1.2834800e+00   1.2452220e+00   9.0944100e-01   6.0755800e-01   4.2695600e-01
   1.2985000e+00   1.1970200e+00   8.5381700e-01   5.6592900e-01   4.2560600e-01
   1.3097690e+00   1.1421930e+00   8.0007900e-01   5.2749700e-01   4.4032000e-01
   1.3136960e+00   1.0841480e+00   7.4841600e-01   4.9296200e-01   4.7405700e-01
   1.3056600e+00   1.0251920e+00   6.9899900e-01   4.6345100e-01   5.2686800e-01
   1.2826150e+00   9.6670300e-01   6.5199100e-01   4.4064700e-01   5.9438600e-01
   1.2452220e+00   9.0944100e-01   6.0755800e-01   4.2695600e-01   6.6881900e-01
   1.1970200e+00   8.5381700e-01   5.6592900e-01   4.2560600e-01   7.4198300e-01
   1.1421930e+00   8.0007900e-01   5.2749700e-01   4.4032000e-01   8.0781100e-01
   1.0841480e+00   7.4841600e-01   4.9296200e-01   4.7405700e-01   8.6300500e-01
   1.0251920e+00   6.9899900e-01   4.6345100e-01   5.2686800e-01   9.0645500e-01
   9.6670300e-01   6.5199100e-01   4.4064700e-01   5.9438600e-01   9.3838800e-01
   9.0944100e-01   6.0755800e-01   4.2695600e-01   6.6881900e-01   9.5973000e-01
   8.5381700e-01   5.6592900e-01   4.2560600e-01   7.4198300e-01   9.7173200e-01
   8.0007900e-01   5.2749700e-01   4.4032000e-01   8.0781100e-01   9.7580500e-01
   7.4841600e-01   4.9296200e-01   4.7405700e-01   8.6300500e-01   9.7348700e-01
   6.9899900e-01   4.6345100e-01   5.2686800e-01   9.0645500e-01   9.6648000e-01
   6.5199100e-01   4.4064700e-01   5.9438600e-01   9.3838800e-01   9.5673500e-01
   6.0755800e-01   4.2695600e-01   6.6881900e-01   9.5973000e-01   9.4657000e-01
   5.6592900e-01   4.2560600e-01   7.4198300e-01   9.7173200e-01   9.3876100e-01
   5.2749700e-01   4.4032000e-01   8.0781100e-01   9.7580500e-01   9.3646900e-01
   4.9296200e-01   4.7405700e-01   8.6300500e-01   9.7348700e-01   9.4280900e-01
   4.6345100e-01   5.2686800e-01   9.0645500e-01   9.6648000e-01   9.5999500e-01
   4.4064700e-01   5.9438600e-01   9.3838800e-01   9.5673500e-01   9.8826500e-01
   4.2695600e-01   6.6881900e-01   9.5973000e-01   9.4657000e-01   1.0249100e+00
   4.2560600e-01   7.4198300e-01   9.7173200e-01   9.3876100e-01   1.0641010e+00
   4.4032000e-01   8.0781100e-01   9.7580500e-01   9.3646900e-01   1.0986650e+00
   4.7405700e-01   8.6300500e-01   9.7348700e-01   9.4280900e-01   1.1234050e+00
   5.2686800e-01   9.0645500e-01   9.6648000e-01   9.5999500e-01   1.1370600e+00
   5.9438600e-01   9.3838800e-01   9.5673500e-01   9.8826500e-01   1.1415520e+00
   6.6881900e-01   9.5973000e-01   9.4657000e-01   1.0249100e+00   1.1401810e+00
   7.4198300e-01   9.7173200e-01   9.3876100e-01   1.0641010e+00   1.1362910e+00
   8.0781100e-01   9.7580500e-01   9.3646900e-01   1.0986650e+00   1.1326360e+00
   8.6300500e-01   9.7348700e-01   9.4280900e-01   1.1234050e+00   1.1311480e+00
   9.0645500e-01   9.6648000e-01   9.5999500e-01   1.1370600e+00   1.1328440e+00
   9.3838800e-01   9.5673500e-01   9.8826500e-01   1.1415520e+00   1.1378040e+00
   9.5973000e-01   9.4657000e-01   1.0249100e+00   1.1401810e+00   1.1452120e+00
   9.7173200e-01   9.3876100e-01   1.0641010e+00   1.1362910e+00   1.1534590e+00
   9.7580500e-01   9.3646900e-01   1.0986650e+00   1.1326360e+00   1.1602170e+00
   9.7348700e-01   9.4280900e-01   1.1234050e+00   1.1311480e+00   1.1624010e+00
   9.6648000e-01   9.5999500e-01   1.1370600e+00   1.1328440e+00   1.1562390e+00
   9.5673500e-01   9.8826500e-01   1.1415520e+00   1.1378040e+00   1.1382070e+00
   9.4657000e-01   1.0249100e+00   1.1401810e+00   1.1452120e+00   1.1071210e+00
   9.3876100e-01   1.0641010e+00   1.1362910e+00   1.1534590e+00   1.0654720e+00
   9.3646900e-01   1.0986650e+00   1.1326360e+00   1.1602170e+00   1.0180650e+00
   9.4280900e-01   1.1234050e+00   1.1311480e+00   1.1624010e+00   9.6958300e-01
   9.5999500e-01   1.1370600e+00   1.1328440e+00   1.1562390e+00   9.2335600e-01
   9.8826500e-01   1.1415520e+00   1.1378040e+00   1.1382070e+00   8.8126900e-01
   1.0249100e+00   1.1401810e+00   1.1452120e+00   1.1071210e+00   8.4403200e-01
   1.0641010e+00   1.1362910e+00   1.1534590e+00   1.0654720e+00   8.1145800e-01
   1.0986650e+00   1.1326360e+00   1.1602170e+00   1.0180650e+00   7.8272100e-01
   1.1234050e+00   1.1311480e+00   1.1624010e+00   9.6958300e-01   7.5664800e-01
   1.1370600e+00   1.1328440e+00   1.1562390e+00   9.2335600e-01   7.3204100e-01
   1.1415520e+00   1.1378040e+00   1.1382070e+00   8.8126900e-01   7.0797700e-01
   1.1401810e+00   1.1452120e+00   1.1071210e+00   8.4403200e-01   6.8403200e-01
   1.1362910e+00   1.1534590e+00   1.0654720e+00   8.1145800e-01   6.6037900e-01
   1.1326360e+00   1.1602170e+00   1.0180650e+00   7.8272100e-01   6.3784400e-01
   1.1311480e+00   1.1624010e+00   9.6958300e-01   7.5664800e-01   6.1799400e-01
   1.1328440e+00   1.1562390e+00   9.2335600e-01   7.3204100e-01   6.0331700e-01
   1.1378040e+00   1.1382070e+00   8.8126900e-01   7.0797700e-01   5.9730600e-01
   1.1452120e+00   1.1071210e+00   8.4403200e-01   6.8403200e-01   6.0402300e-01
   1.1534590e+00   1.0654720e+00   8.1145800e-01   6.6037900e-01   6.2666300e-01
   1.1602170e+00   1.0180650e+00   7.8272100e-01   6.3784400e-01   6.6555400e-01
   1.1624010e+00   9.6958300e-01   7.5664800e-01   6.1799400e-01   7.1724900e-01
   1.1562390e+00   9.2335600e-01   7.3204100e-01   6.0331700e-01   7.7594800e-01
   1.1382070e+00   8.8126900e-01   7.0797700e-01   5.9730600e-01   8.3598100e-01
   1.1071210e+00   8.4403200e-01   6.8403200e-01   6.0402300e-01   8.9331700e-01
   1.0654720e+00   8.1145800e-01   6.6037900e-01   6.2666300e-01   9.4569500e-01
   1.0180650e+00   7.8272100e-01   6.3784400e-01   6.6555400e-01   9.9208900e-01
   9.6958300e-01   7.5664800e-01   6.1799400e-01   7.1724900e-01   1.0321490e+00
   9.2335600e-01   7.3204100e-01   6.0331700e-01   7.7594800e-01   1.0658270e+00
   8.8126900e-01   7.0797700e-01   5.9730600e-01   8.3598100e-01   1.0932160e+00
   8.4403200e-01   6.8403200e-01   6.0402300e-01   8.9331700e-01   1.1145250e+00
   8.1145800e-01   6.6037900e-01   6.2666300e-01   9.4569500e-01   1.1301400e+00
   7.8272100e-01   6.3784400e-01   6.6555400e-01   9.9208900e-01   1.1407190e+00
   7.5664800e-01   6.1799400e-01   7.1724900e-01   1.0321490e+00   1.1473070e+00
   7.3204100e-01   6.0331700e-01   7.7594800e-01   1.0658270e+00   1.1514720e+00
   7.0797700e-01   5.9730600e-01   8.3598100e-01   1.0932160e+00   1.1553760e+00
   6.8403200e-01   6.0402300e-01   8.9331700e-01   1.1145250e+00   1.1616220e+00
   6.6037900e-01   6.2666300e-01   9.4569500e-01   1.1301400e+00   1.1726520e+00
   6.3784400e-01   6.6555400e-01   9.9208900e-01   1.1407190e+00   1.1896710e+00
   6.1799400e-01   7.1724900e-01   1.0321490e+00   1.1473070e+00   1.2113840e+00
   6.0331700e-01   7.7594800e-01   1.0658270e+00   1.1514720e+00   1.2332680e+00
   5.9730600e-01   8.3598100e-01   1.0932160e+00   1.1553760e+00   1.2484620e+00
   6.0402300e-01   8.9331700e-01   1.1145250e+00   1.1616220e+00   1.2506680e+00
   6.2666300e-01   9.4569500e-01   1.1301400e+00   1.1726520e+00   1.2370570e+00
   6.6555400e-01   9.9208900e-01   1.1407190e+00   1.1896710e+00   1.2087490e+00
   7.1724900e-01   1.0321490e+00   1.1473070e+00   1.2113840e+00   1.1692130e+00
   7.7594800e-01   1.0658270e+00   1.1514720e+00   1.2332680e+00   1.1224790e+00
   8.3598100e-01   1.0932160e+00   1.1553760e+00   1.2484620e+00   1.0721150e+00
   8.9331700e-01   1.1145250e+00   1.1616220e+00   1.2506680e+00   1.0209060e+00
   9.4569500e-01   1.1301400e+00   1.1726520e+00   1.2370570e+00   9.7085600e-01
   9.9208900e-01   1.1407190e+00   1.1896710e+00   1.2087490e+00   9.2327900e-01
   1.0321490e+00   1.1473070e+00   1.2113840e+00   1.1692130e+00   8.7886400e-01
   1.0658270e+00   1.1514720e+00   1.2332680e+00   1.1224790e+00   8.3767300e-01
   1.0932160e+00   1.1553760e+00   1.2484620e+00   1.0721150e+00   7.9912200e-01
   1.1145250e+00   1.1616220e+00   1.2506680e+00   1.0209060e+00   7.6207700e-01
   1.1301400e+00   1.1726520e+00   1.2370570e+00   9.7085600e-01   7.2522300e-01
   1.1407190e+00   1.1896710e+00   1.2087490e+00   9.2327900e-01   6.8768000e-01
   1.1473070e+00   1.2113840e+00   1.1692130e+00   8.7886400e-01   6.4953900e-01
   1.1514720e+00   1.2332680e+00   1.1224790e+00   8.3767300e-01   6.1192800e-01
   1.1553760e+00   1.2484620e+00   1.0721150e+00   7.9912200e-01   5.7662500e-01
   1.1616220e+00   1.2506680e+00   1.0209060e+00   7.6207700e-01   5.4567700e-01
   1.1726520e+00   1.2370570e+00   9.7085600e-01   7.2522300e-01   5.2133200e-01
   1.1896710e+00   1.2087490e+00   9.2327900e-01   6.8768000e-01   5.0618500e-01
   1.2113840e+00   1.1692130e+00   8.7886400e-01   6.4953900e-01   5.0324900e-01
   1.2332680e+00   1.1224790e+00   8.3767300e-01   6.1192800e-01   5.1555300e-01
   1.2484620e+00   1.0721150e+00   7.9912200e-01   5.7662500e-01   5.4501600e-01
   1.2506680e+00   1.0209060e+00   7.6207700e-01   5.4567700e-01   5.9097100e-01
   1.2370570e+00   9.7085600e-01   7.2522300e-01   5.2133200e-01   6.4957800e-01
   1.2087490e+00   9.2327900e-01   6.8768000e-01   5.0618500e-01   7.1497500e-01
   1.1692130e+00   8.7886400e-01   6.4953900e-01   5.0324900e-01   7.8132100e-01
   1.1224790e+00   8.3767300e-01   6.1192800e-01   5.1555300e-01   8.4417400e-01
   1.0721150e+00   7.9912200e-01   5.7662500e-01   5.4501600e-01   9.0071200e-01
   1.0209060e+00   7.6207700e-01   5.4567700e-01   5.9097100e-01   9.4930900e-01
   9.7085600e-01   7.2522300e-01   5.2133200e-01   6.4957800e-01   9.8906600e-01
   9.2327900e-01   6.8768000e-01   5.0618500e-01   7.1497500e-01   1.0195930e+00
   8.7886400e-01   6.4953900e-01   5.0324900e-01   7.8132100e-01   1.0410160e+00
   8.3767300e-01   6.1192800e-01   5.1555300e-01   8.4417400e-01   1.0540120e+00
   7.9912200e-01   5.7662500e-01   5.4501600e-01   9.0071200e-01   1.0597630e+00
   7.6207700e-01   5.4567700e-01   5.9097100e-01   9.4930900e-01   1.0598770e+00
   7.2522300e-01   5.2133200e-01   6.4957800e-01   9.8906600e-01   1.0563430e+00
   6.8768000e-01   5.0618500e-01   7.1497500e-01   1.0195930e+00   1.0515300e+00
   6.4953900e-01   5.0324900e-01   7.8132100e-01   1.0410160e+00   1.0481810e+00
   6.1192800e-01   5.1555300e-01   8.4417400e-01   1.0540120e+00   1.0492340e+00
   5.7662500e-01   5.4501600e-01   9.0071200e-01   1.0597630e+00   1.0573640e+00
   5.4567700e-01   5.9097100e-01   9.4930900e-01   1.0598770e+00   1.0742170e+00
   5.2133200e-01   6.4957800e-01   9.8906600e-01   1.0563430e+00   1.0994630e+00
   5.0618500e-01   7.1497500e-01   1.0195930e+00   1.0515300e+00   1.1299110e+00
   5.0324900e-01   7.8132100e-01   1.0410160e+00   1.0481810e+00   1.1593580e+00
   5.1555300e-01   8.4417400e-01   1.0540120e+00   1.0492340e+00   1.1803420e+00
   5.4501600e-01   9.0071200e-01   1.0597630e+00   1.0573640e+00   1.1875190e+00
   5.9097100e-01   9.4930900e-01   1.0598770e+00   1.0742170e+00   1.1798930e+00
   6.4957800e-01   9.8906600e-01   1.0563430e+00   1.0994630e+00   1.1601380e+00
   7.1497500e-01   1.0195930e+00   1.0515300e+00   1.1299110e+00   1.1325000e+00
   7.8132100e-01   1.0410160e+00   1.0481810e+00   1.1593580e+00   1.1011560e+00
   8.4417400e-01   1.0540120e+00   1.0492340e+00   1.1803420e+00   1.0694860e+00
   9.0071200e-01   1.0597630e+00   1.0573640e+00   1.1875190e+00   1.0399210e+00
   9.4930900e-01   1.0598770e+00   1.0742170e+00   1.1798930e+00   1.0139460e+00
   9.8906600e-01   1.0563430e+00   1.0994630e+00   1.1601380e+00   9.9210400e-01
   1.0195930e+00   1.0515300e+00   1.1299110e+00   1.1325000e+00   9.7392900e-01
   1.0410160e+00   1.0481810e+00   1.1593580e+00   1.1011560e+00   9.5790900e-01
   1.0540120e+00   1.0492340e+00   1.1803420e+00   1.0694860e+00   9.4160800e-01
   1.0597630e+00   1.0573640e+00   1.1875190e+00   1.0399210e+00   9.2208600e-01
   1.0598770e+00   1.0742170e+00   1.1798930e+00   1.0139460e+00   8.9676100e-01
   1.0563430e+00   1.0994630e+00   1.1601380e+00   9.9210400e-01   8.6454000e-01
   1.0515300e+00   1.1299110e+00   1.1325000e+00   9.7392900e-01   8.2656300e-01
   1.0481810e+00   1.1593580e+00   1.1011560e+00   9.5790900e-01   7.8579100e-01
   1.0492340e+00   1.1803420e+00   1.0694860e+00   9.4160800e-01   7.4579900e-01
   1.0573640e+00   1.1875190e+00   1.0399210e+00   9.2208600e-01   7.0987400e-01
   1.0742170e+00   1.1798930e+00   1.0139460e+00   8.9676100e-01   6.8076400e-01
   1.0994630e+00   1.1601380e+00   9.9210400e-01   8.6454000e-01   6.6069600e-01
   1.1299110e+00   1.1325000e+00   9.7392900e-01   8.2656300e-01   6.5128200e-01
   1.1593580e+00   1.1011560e+00   9.5790900e-01   7.8579100e-01   6.5323200e-01
   1.1803420e+00   1.0694860e+00   9.4160800e-01   7.4579900e-01   6.6608300e-01
   1.1875190e+00   1.0399210e+00   9.2208600e-01   7.0987400e-01   6.8822500e-01
   1.1798930e+00   1.0139460e+00   8.9676100e-01   6.8076400e-01   7.1734600e-01
   1.1601380e+00   9.9210400e-01   8.6454000e-01   6.6069600e-01   7.5109200e-01
   1.1325000e+00   9.7392900e-01   8.2656300e-01   6.5128200e-01   7.8765800e-01
   1.1011560e+00   9.5790900e-01   7.8579100e-01   6.5323200e-01   8.2612100e-01
   1.0694860e+00   9.4160800e-01   7.4579900e-01   6.6608300e-01   8.6643000e-01
   1.0399210e+00   9.2208600e-01   7.0987400e-01   6.8822500e-01   9.0893700e-01
   1.0139460e+00   8.9676100e-01   6.8076400e-01   7.1734600e-01   9.5345300e-01
   9.9210400e-01   8.6454000e-01   6.6069600e-01   7.5109200e-01   9.9834300e-01
   9.7392900e-01   8.2656300e-01   6.5128200e-01   7.8765800e-01   1.0407070e+00
   9.5790900e-01   7.8579100e-01   6.5323200e-01   8.2612100e-01   1.0777100e+00
   9.4160800e-01   7.4579900e-01   6.6608300e-01   8.6643000e-01   1.1077950e+00
   9.2208600e-01   7.0987400e-01   6.8822500e-01   9.0893700e-01   1.1309550e+00
   8.9676100e-01   6.8076400e-01   7.1734600e-01   9.5345300e-01   1.1483640e+00
   8.6454000e-01   6.6069600e-01   7.5109200e-01   9.9834300e-01   1.1618810e+00
   8.2656300e-01   6.5128200e-01   7.8765800e-01   1.0407070e+00   1.1736150e+00
   7.8579100e-01   6.5323200e-01   8.2612100e-01   1.0777100e+00   1.1855330e+00
   7.4579900e-01   6.6608300e-01   8.6643000e-01   1.1077950e+00   1.1991130e+00
   7.0987400e-01   6.8822500e-01   9.0893700e-01   1.1309550e+00   1.2150740e+00
   6.8076400e-01   7.1734600e-01   9.5345300e-01   1.1483640e+00   1.2332170e+00
   6.6069600e-01   7.5109200e-01   9.9834300e-01   1.1618810e+00   1.2523950e+00
   6.5128200e-01   7.8765800e-01   1.0407070e+00   1.1736150e+00   1.2705580e+00
   6.5323200e-01   8.2612100e-01   1.0777100e+00   1.1855330e+00   1.2848110e+00
   6.6608300e-01   8.6643000e-01   1.1077950e+00   1.1991130e+00   1.2914960e+00
   6.8822500e-01   9.0893700e-01   1.1309550e+00   1.2150740e+00   1.2866320e+00
   7.1734600e-01   9.5345300e-01   1.1483640e+00   1.2332170e+00   1.2672730e+00
   7.5109200e-01   9.9834300e-01   1.1618810e+00   1.2523950e+00   1.2332670e+00
   7.8765800e-01   1.0407070e+00   1.1736150e+00   1.2705580e+00   1.1875400e+00
   8.2612100e-01   1.0777100e+00   1.1855330e+00   1.2848110e+00   1.1344580e+00
   8.6643000e-01   1.1077950e+00   1.1991130e+00   1.2914960e+00   1.0780630e+00
   9.0893700e-01   1.1309550e+00   1.2150740e+00   1.2866320e+00   1.0212830e+00
   9.5345300e-01   1.1483640e+00   1.2332170e+00   1.2672730e+00   9.6588300e-01
   9.9834300e-01   1.1618810e+00   1.2523950e+00   1.2332670e+00   9.1268400e-01
   1.0407070e+00   1.1736150e+00   1.2705580e+00   1.1875400e+00   8.6182300e-01
   1.0777100e+00   1.1855330e+00   1.2848110e+00   1.1344580e+00   8.1302900e-01
   1.1077950e+00   1.1991130e+00   1.2914960e+00   1.0780630e+00   7.6588900e-01
   1.1309550e+00   1.2150740e+00   1.2866320e+00   1.0212830e+00   7.2009000e-01
   1.1483640e+00   1.2332170e+00   1.2672730e+00   9.6588300e-01   6.7556800e-01
   1.1618810e+00   1.2523950e+00   1.2332670e+00   9.1268400e-01   6.3254800e-01
   1.1736150e+00   1.2705580e+00   1.1875400e+00   8.6182300e-01   5.9150900e-01
   1.1855330e+00   1.2848110e+00   1.1344580e+00   8.1302900e-01   5.5313800e-01
   1.1991130e+00   1.2914960e+00   1.0780630e+00   7.6588900e-01   5.1835600e-01
   1.2150740e+00   1.2866320e+00   1.0212830e+00   7.2009000e-01   4.8842700e-01
   1.2332170e+00   1.2672730e+00   9.6588300e-01   6.7556800e-01   4.6515000e-01
   1.2523950e+00   1.2332670e+00   9.1268400e-01   6.3254800e-01   4.5106900e-01
   1.2705580e+00   1.1875400e+00   8.6182300e-01   5.9150900e-01   4.4951800e-01
   1.2848110e+00   1.1344580e+00   8.1302900e-01   5.5313800e-01   4.6413800e-01
   1.2914960e+00   1.0780630e+00   7.6588900e-01   5.1835600e-01   4.9744900e-01
   1.2866320e+00   1.0212830e+00   7.2009000e-01   4.8842700e-01   5.4888900e-01
   1.2672730e+00   9.6588300e-01   6.7556800e-01   4.6515000e-01   6.1393700e-01
   1.2332670e+00   9.1268400e-01   6.3254800e-01   4.5106900e-01   6.8551600e-01
   1.1875400e+00   8.6182300e-01   5.9150900e-01   4.4951800e-01   7.5653900e-01
   1.1344580e+00   8.1302900e-01   5.5313800e-01   4.6413800e-01   8.2164900e-01
   1.0780630e+00   7.6588900e-01   5.1835600e-01   4.9744900e-01   8.7761100e-01
   1.0212830e+00   7.2009000e-01   4.8842700e-01   5.4888900e-01   9.2294100e-01
   9.6588300e-01   6.7556800e-01   4.6515000e-01   6.1393700e-01   9.5737700e-01
   9.1268400e-01   6.3254800e-01   4.5106900e-01   6.8551600e-01   9.8143300e-01
   8.6182300e-01   5.9150900e-01   4.4951800e-01   7.5653900e-01   9.9609400e-01
   8.1302900e-01   5.5313800e-01   4.6413800e-01   8.2164900e-01   1.0026260e+00
   7.6588900e-01   5.1835600e-01   4.9744900e-01   8.7761100e-01   1.0025050e+00
   7.2009000e-01   4.8842700e-01   5.4888900e-01   9.2294100e-01   9.9741600e-01
   6.7556800e-01   4.6515000e-01   6.1393700e-01   9.5737700e-01   9.8933100e-01
   6.3254800e-01   4.5106900e-01   6.8551600e-01   9.8143300e-01   9.8061600e-01
   5.9150900e-01   4.4951800e-01   7.5653900e-01   9.9609400e-01   9.7409300e-01
   5.5313800e-01   4.6413800e-01   8.2164900e-01   1.0026260e+00   9.7291100e-01
   5.1835600e-01   4.9744900e-01   8.7761100e-01   1.0025050e+00   9.8004500e-01
   4.8842700e-01   5.4888900e-01   9.2294100e-01   9.9741600e-01   9.9745600e-01
   4.6515000e-01   6.1393700e-01   9.5737700e-01   9.8933100e-01   1.0251060e+00
   4.5106900e-01   6.8551600e-01   9.8143300e-01   9.8061600e-01   1.0600610e+00
   4.4951800e-01   7.5653900e-01   9.9609400e-01   9.7409300e-01   1.0962960e+00
   4.6413800e-01   8.2164900e-01   1.0026260e+00   9.7291100e-01   1.1264350e+00
   4.9744900e-01   8.7761100e-01   1.0025050e+00   9.8004500e-01   1.1451850e+00
   5.4888900e-01   9.2294100e-01   9.9741600e-01   9.9745600e-01   1.1514480e+00
   6.1393700e-01   9.5737700e-01   9.8933100e-01   1.0251060e+00   1.1475260e+00
   6.8551600e-01   9.8143300e-01   9.8061600e-01   1.0600610e+00   1.1371320e+00
   7.5653900e-01   9.9609400e-01   9.7409300e-01   1.0962960e+00   1.1239480e+00
   8.2164900e-01   1.0026260e+00   9.7291100e-01   1.1264350e+00   1.1109940e+00
   8.7761100e-01   1.0025050e+00   9.8004500e-01   1.1451850e+00   1.1004330e+00
   9.2294100e-01   9.9741600e-01   9.9745600e-01   1.1514480e+00   1.0935030e+00
   9.5737700e-01   9.8933100e-01   1.0251060e+00   1.1475260e+00   1.0904640e+00
   9.8143300e-01   9.8061600e-01   1.0600610e+00   1.1371320e+00   1.0905540e+00
   9.9609400e-01   9.7409300e-01   1.0962960e+00   1.1239480e+00   1.0920090e+00
   1.0026260e+00   9.7291100e-01   1.1264350e+00   1.1109940e+00   1.0921540e+00
   1.0025050e+00   9.8004500e-01   1.1451850e+00   1.1004330e+00   1.0875700e+00
   9.9741600e-01   9.9745600e-01   1.1514480e+00   1.0935030e+00   1.0745880e+00
   9.8933100e-01   1.0251060e+00   1.1475260e+00   1.0904640e+00   1.0505510e+00
   9.8061600e-01   1.0600610e+00   1.1371320e+00   1.0905540e+00   1.0155300e+00
   9.7409300e-01   1.0962960e+00   1.1239480e+00   1.0920090e+00   9.7273500e-01
   9.7291100e-01   1.1264350e+00   1.1109940e+00   1.0921540e+00   9.2685200e-01
   9.8004500e-01   1.1451850e+00   1.1004330e+00   1.0875700e+00   8.8212500e-01
   9.9745600e-01   1.1514480e+00   1.0935030e+00   1.0745880e+00   8.4157400e-01
   1.0251060e+00   1.1475260e+00   1.0904640e+00   1.0505510e+00   8.0700700e-01
   1.0600610e+00   1.1371320e+00   1.0905540e+00   1.0155300e+00   7.7919900e-01
   1.0962960e+00   1.1239480e+00   1.0920090e+00   9.7273500e-01   7.5801800e-01
   1.1264350e+00   1.1109940e+00   1.0921540e+00   9.2685200e-01   7.4256600e-01
   1.1451850e+00   1.1004330e+00   1.0875700e+00   8.8212500e-01   7.3140600e-01
   1.1514480e+00   1.0935030e+00   1.0745880e+00   8.4157400e-01   7.2290000e-01
   1.1475260e+00   1.0904640e+00   1.0505510e+00   8.0700700e-01   7.1560700e-01
   1.1371320e+00   1.0905540e+00   1.0155300e+00   7.7919900e-01   7.0865600e-01
   1.1239480e+00   1.0920090e+00   9.7273500e-01   7.5801800e-01   7.0203500e-01
   1.1109940e+00   1.0921540e+00   9.2685200e-01   7.4256600e-01   6.9678900e-01
   1.1004330e+00   1.0875700e+00   8.8212500e-01   7.3140600e-01   6.9515500e-01
   1.0935030e+00   1.0745880e+00   8.4157400e-01   7.2290000e-01   7.0052600e-01
   1.0904640e+00   1.0505510e+00   8.0700700e-01   7.1560700e-01   7.1681600e-01
   1.0905540e+00   1.0155300e+00   7.7919900e-01   7.0865600e-01   7.4670700e-01
   1.0920090e+00   9.7273500e-01   7.5801800e-01   7.0203500e-01   7.8950900e-01
   1.0921540e+00   9.2685200e-01   7.4256600e-01   6.9678900e-01   8.4082200e-01
   1.0875700e+00   8.8212500e-01   7.3140600e-01   6.9515500e-01   8.9478500e-01
   1.0745880e+00   8.4157400e-01   7.2290000e-01   7.0052600e-01   9.4667500e-01
   1.0505510e+00   8.0700700e-01   7.1560700e-01   7.1681600e-01   9.9390500e-01
   1.0155300e+00   7.7919900e-01   7.0865600e-01   7.4670700e-01   1.0356580e+00
   9.7273500e-01   7.5801800e-01   7.0203500e-01   7.8950900e-01   1.0721370e+00
   9.2685200e-01   7.4256600e-01   6.9678900e-01   8.4082200e-01   1.1039460e+00
   8.8212500e-01   7.3140600e-01   6.9515500e-01   8.9478500e-01   1.1317200e+00
   8.4157400e-01   7.2290000e-01   7.0052600e-01   9.4667500e-01   1.1559650e+00
   8.0700700e-01   7.1560700e-01   7.1681600e-01   9.9390500e-01   1.1770450e+00
   7.7919900e-01   7.0865600e-01   7.4670700e-01   1.0356580e+00   1.1952500e+00
   7.5801800e-01   7.0203500e-01   7.8950900e-01   1.0721370e+00   1.2109280e+00
   7.4256600e-01   6.9678900e-01   8.4082200e-01   1.1039460e+00   1.2246430e+00
   7.3140600e-01   6.9515500e-01   8.9478500e-01   1.1317200e+00   1.2373200e+00
   7.2290000e-01   7.0052600e-01   9.4667500e-01   1.1559650e+00   1.2502540e+00
   7.1560700e-01   7.1681600e-01   9.9390500e-01   1.1770450e+00   1.2646960e+00
   7.0865600e-01   7.4670700e-01   1.0356580e+00   1.1952500e+00   1.2807540e+00
   7.0203500e-01   7.8950900e-01   1.0721370e+00   1.2109280e+00   1.2959260e+00
   6.9678900e-01   8.4082200e-01   1.1039460e+00   1.2246430e+00   1.3047980e+00
   6.9515500e-01   8.9478500e-01   1.1317200e+00   1.2373200e+00   1.3013600e+00
   7.0052600e-01   9.4667500e-01   1.1559650e+00   1.2502540e+00   1.2824310e+00
   7.1681600e-01   9.9390500e-01   1.1770450e+00   1.2646960e+00   1.2487730e+00
   7.4670700e-01   1.0356580e+00   1.1952500e+00   1.2807540e+00   1.2035850e+00
   7.8950900e-01   1.0721370e+00   1.2109280e+00   1.2959260e+00   1.1506170e+00
   8.4082200e-01   1.1039460e+00   1.2246430e+00   1.3047980e+00   1.0931520e+00
   8.9478500e-01   1.1317200e+00   1.2373200e+00   1.3013600e+00   1.0337330e+00
   9.4667500e-01   1.1559650e+00   1.2502540e+00   1.2824310e+00   9.7421600e-01
   9.9390500e-01   1.1770450e+00   1.2646960e+00   1.2487730e+00   9.1590700e-01
   1.0356580e+00   1.1952500e+00   1.2807540e+00   1.2035850e+00   8.5968200e-01
   1.0721370e+00   1.2109280e+00   1.2959260e+00   1.1506170e+00   8.0607200e-01
   1.1039460e+00   1.2246430e+00   1.3047980e+00   1.0931520e+00   7.5530400e-01
   1.1317200e+00   1.2373200e+00   1.3013600e+00   1.0337330e+00   7.0733800e-01
   1.1559650e+00   1.2502540e+00   1.2824310e+00   9.7421600e-01   6.6192300e-01
   1.1770450e+00   1.2646960e+00   1.2487730e+00   9.1590700e-01   6.1876600e-01
   1.1952500e+00   1.2807540e+00   1.2035850e+00   8.5968200e-01   5.7779000e-01
   1.2109280e+00   1.2959260e+00   1.1506170e+00   8.0607200e-01   5.3936500e-01
   1.2246430e+00   1.3047980e+00   1.0931520e+00   7.5530400e-01   5.0434000e-01
   1.2373200e+00   1.3013600e+00   1.0337330e+00   7.0733800e-01   4.7396200e-01
   1.2502540e+00   1.2824310e+00   9.7421600e-01   6.6192300e-01   4.4988500e-01
   1.2646960e+00   1.2487730e+00   9.1590700e-01   6.1876600e-01   4.3436000e-01
   1.2807540e+00   1.2035850e+00   8.5968200e-01   5.7779000e-01   4.3046000e-01
   1.2959260e+00   1.1506170e+00   8.0607200e-01   5.3936500e-01   4.4195900e-01
   1.3047980e+00   1.0931520e+00   7.5530400e-01   5.0434000e-01   4.7227800e-01
   1.3013600e+00   1.0337330e+00   7.0733800e-01   4.7396200e-01   5.2225600e-01
   1.2824310e+00   9.7421600e-01   6.6192300e-01   4.4988500e-01   5.8810900e-01
   1.2487730e+00   9.1590700e-01   6.1876600e-01   4.3436000e-01   6.6204900e-01
   1.2035850e+00   8.5968200e-01   5.7779000e-01   4.3046000e-01   7.3556400e-01
   1.1506170e+00   8.0607200e-01   5.3936500e-01   4.4195900e-01   8.0232000e-01
   1.0931520e+00   7.5530400e-01   5.0434000e-01   4.7227800e-01   8.5890100e-01
   1.0337330e+00   7.0733800e-01   4.7396200e-01   5.2225600e-01   9.0411900e-01
   9.7421600e-01   6.6192300e-01   4.4988500e-01   5.8810900e-01   9.3808100e-01
   9.1590700e-01   6.1876600e-01   4.3436000e-01   6.6204900e-01   9.6154100e-01
   8.5968200e-01   5.7779000e-01   4.3046000e-01   7.3556400e-01   9.7557300e-01
   8.0607200e-01   5.3936500e-01   4.4195900e-01   8.0232000e-01   9.8146300e-01
   7.5530400e-01   5.0434000e-01   4.7227800e-01   8.5890100e-01   9.8067000e-01
   7.0733800e-01   4.7396200e-01   5.2225600e-01   9.0411900e-01   9.7484400e-01
   6.6192300e-01   4.4988500e-01   5.8810900e-01   9.3808100e-01   9.6587200e-01
   6.1876600e-01   4.3436000e-01   6.6204900e-01   9.6154100e-01   9.5598500e-01
   5.7779000e-01   4.3046000e-01   7.3556400e-01   9.7557300e-01   9.4786900e-01
   5.3936500e-01   4.4195900e-01   8.0232000e-01   9.8146300e-01   9.4465700e-01
   5.0434000e-01   4.7227800e-01   8.5890100e-01   9.8067000e-01   9.4957100e-01
   4.7396200e-01   5.2225600e-01   9.0411900e-01   9.7484400e-01   9.6507800e-01
   4.4988500e-01   5.8810900e-01   9.3808100e-01   9.6587200e-01   9.9174800e-01
   4.3436000e-01   6.6204900e-01   9.6154100e-01   9.5598500e-01   1.0272180e+00
   4.3046000e-01   7.3556400e-01   9.7557300e-01   9.4786900e-01   1.0659210e+00
   4.4195900e-01   8.0232000e-01   9.8146300e-01   9.4465700e-01   1.1006470e+00
   4.7227800e-01   8.5890100e-01   9.8067000e-01   9.4957100e-01   1.1257850e+00
   5.2225600e-01   9.0411900e-01   9.7484400e-01   9.6507800e-01   1.1395410e+00
   5.8810900e-01   9.3808100e-01   9.6587200e-01   9.9174800e-01   1.1435020e+00
   6.6204900e-01   9.6154100e-01   9.5598500e-01   1.0272180e+00   1.1408980e+00
   7.3556400e-01   9.7557300e-01   9.4786900e-01   1.0659210e+00   1.1351670e+00
   8.0232000e-01   9.8146300e-01   9.4465700e-01   1.1006470e+00   1.1292380e+00
   8.5890100e-01   9.8067000e-01   9.4957100e-01   1.1257850e+00   1.1252410e+00
   9.0411900e-01   9.7484400e-01   9.6507800e-01   1.1395410e+00   1.1244120e+00
   9.3808100e-01   9.6587200e-01   9.9174800e-01   1.1435020e+00   1.1270410e+00
   9.6154100e-01   9.5598500e-01   1.0272180e+00   1.1408980e+00   1.1324910e+00
   9.7557300e-01   9.4786900e-01   1.0659210e+00   1.1351670e+00   1.1392560e+00
   9.8146300e-01   9.4465700e-01   1.1006470e+00   1.1292380e+00   1.1450320e+00
   9.8067000e-01   9.4957100e-01   1.1257850e+00   1.1252410e+00   1.1467190e+00
   9.7484400e-01   9.6507800e-01   1.1395410e+00   1.1244120e+00   1.1405420e+00
   9.6587200e-01   9.9174800e-01   1.1435020e+00   1.1270410e+00   1.1229410e+00
   9.5598500e-01   1.0272180e+00   1.1408980e+00   1.1324910e+00   1.0925640e+00